Spread,Block,Trial,Time_elapsed,Delta,click_num,Placed_x
1,1,1,1.266,640,1,-3.284375e+01
1,1,1,3.785,640,2,5.571758e+02
1,1,2,1.435,640,1,-5.561367e+02
1,1,3,1.135,420,1,-3.389961e+02
1,1,4,1.536,860,1,8.115820e+02
1,1,5,1.118,640,1,5.921875e+02
1,1,6,1.919,200,1,3.320312e+00
1,1,7,1.286,860,1,-6.962070e+02
1,1,8,1.068,200,1,1.405469e+02
1,1,9,1.219,200,1,4.644531e+00
1,1,10,2.103,640,1,-4.950430e+02
1,1,11,1.219,200,1,1.263281e+01
1,1,12,0.735,420,1,-2.651953e+02
1,1,13,1.669,860,1,5.884688e+02
1,1,14,1.986,420,1,2.441914e+02
1,1,15,1.052,860,1,-6.032461e+02
1,1,16,0.852,420,1,2.888164e+02
1,1,17,1.152,200,1,1.038281e+01
1,1,18,1.452,420,1,-2.888359e+02
1,1,19,1.519,860,1,6.186367e+02
1,1,20,6.141,860,1,-6.479023e+02
1,1,21,8.260,640,1,4.672188e+02
1,1,22,21.292,640,1,-4.006797e+02
1,1,23,1.636,420,1,3.048320e+02
1,1,24,1.636,420,1,3.511719e+00
1,1,25,1.119,200,1,-2.804688e+00
1,1,26,1.152,420,1,1.500586e+02
1,1,27,1.636,860,1,-6.986484e+02
1,1,28,2.270,640,1,3.440625e+02
1,1,29,1.319,860,1,-7.120820e+02
1,1,30,1.002,200,1,4.832031e+00
1,1,31,1.135,420,1,2.627109e+02
1,1,32,2.404,420,1,3.156445e+02
1,1,33,1.286,860,1,-652
1,1,34,1.104,200,1,8.156641e+01
1,1,35,3.505,640,1,4.997109e+02
1,1,35,5.607,640,2,2.246953e+02
1,1,36,11.948,860,1,-3.847422e+02
1,1,37,1.035,420,1,-2.393984e+02
1,1,38,0.969,420,1,7.892969e+01
1,1,38,1.369,420,2,1.552969e+02
1,1,39,1.503,640,1,4.188398e+02
1,1,40,3.788,640,1,2.880977e+02
1,1,41,1.336,860,1,5.911875e+02
1,1,42,1.035,640,1,-4.164219e+02
1,1,43,2.837,860,1,-6.048594e+02
1,1,44,1.102,420,1,2.532578e+02
1,1,45,2.070,860,1,6.594375e+02
1,1,46,1.001,860,1,5.893945e+02
1,1,47,2.103,860,1,5.916523e+02
1,1,48,1.085,200,1,1.312500e+00
1,1,49,2.169,200,1,1.290234e+01
1,1,50,3.488,640,1,-3.828477e+02
1,1,51,1.669,640,1,5.370664e+02
1,1,52,1.152,200,1,3.220703e+01
1,1,53,5.274,640,1,-4.023438e+02
1,1,54,2.637,200,1,-2.280859e+01
1,1,55,0.934,200,1,8.046484e+01
1,1,56,1.302,640,1,4.458594e+02
1,1,57,0.968,200,1,2.381250e+01
1,1,58,0.868,420,1,2.329570e+02
1,1,59,0.835,200,1,9.648438e-01
1,1,60,6.608,420,1,2.613438e+02
10,2,1,1.491,860,1,-5.899062e+02
10,2,2,2.754,420,1,2.598828e+01
10,2,2,3.188,420,2,8.647656e+01
10,2,3,0.752,420,1,5.900781e+01
10,2,4,0.885,420,1,-5.731250e+01
10,2,5,0.918,640,1,-1.628828e+02
10,2,6,1.019,860,1,-3.951992e+02
10,2,6,1.753,860,2,7.473320e+02
10,2,7,0.701,640,1,3.085938e+02
10,2,8,1.419,420,1,-1.748633e+02
10,2,9,0.919,420,1,-1.232148e+02
10,2,10,1.035,200,1,1.622656e+01
10,2,11,1.402,860,1,5.140391e+02
10,2,12,1.286,860,1,-5.633047e+02
10,2,13,2.186,640,1,2.874219e+02
10,2,14,0.968,860,1,-4.282305e+02
10,2,15,7.543,200,1,2.167578e+01
10,2,16,2.220,200,1,1.391406e+01
10,2,17,0.969,860,1,5.011055e+02
10,2,18,1.019,420,1,-1.045273e+02
10,2,19,0.885,200,1,1.673438e+01
10,2,20,2.471,420,1,-1.990703e+02
10,2,20,3.205,420,2,2.011523e+02
10,2,21,1.836,420,1,-2.762617e+02
10,2,22,0.985,420,1,1.804648e+02
10,2,23,1.085,200,1,1.940234e+01
10,2,24,1.069,640,1,-1.574766e+02
10,2,25,0.869,420,1,1.076953e+02
10,2,26,2.020,860,1,-3.765273e+02
10,2,27,1.553,640,1,-4.348125e+02
10,2,28,1.402,200,1,1.288281e+01
10,2,29,0.835,200,1,-4.972656e+00
10,2,30,0.852,420,1,2.155352e+02
10,2,31,0.801,420,1,1.184258e+02
10,2,32,0.751,420,1,7.156250e+00
10,2,33,1.252,200,1,-2.506641e+01
10,2,34,1.219,200,1,-3.857031e+01
10,2,35,0.785,640,1,3.504648e+02
10,2,36,0.935,860,1,-4.947227e+02
10,2,37,17.988,860,1,-5.435547e+02
10,2,38,3.689,640,1,2.770039e+02
10,2,39,5.190,860,1,3.248164e+02
10,2,40,1.552,420,1,-1.334453e+02
10,2,41,0.852,640,1,3.401406e+02
10,2,42,0.768,860,1,4.146055e+02
10,2,43,0.835,860,1,-5.601602e+02
10,2,44,0.869,860,1,4.217578e+02
10,2,45,0.751,200,1,5.093750e+00
10,2,46,0.918,200,1,-2.773438e+00
10,2,47,0.735,200,1,-3.176172e+01
10,2,48,0.985,420,1,-9.001562e+01
10,2,49,0.768,860,1,4.453086e+02
10,2,50,0.868,200,1,5.033594e+01
10,2,51,0.919,860,1,4.424023e+02
10,2,52,0.919,640,1,-3.440391e+02
10,2,53,0.818,640,1,-3.039023e+02
10,2,54,0.935,640,1,-2.344766e+02
10,2,55,0.702,640,1,3.992070e+02
10,2,56,1.469,640,1,-3.975586e+02
10,2,57,0.935,200,1,-4.023438e+00
10,2,58,0.785,200,1,2.468359e+01
10,2,59,1.252,640,1,3.451328e+02
10,2,60,9.311,640,1,3.803633e+02
1000,3,1,1.036,860,1,4.843398e+02
1000,3,2,0.951,420,1,1.057500e+02
1000,3,3,1.452,860,1,-5.496250e+02
1000,3,4,0.785,420,1,-7.493359e+01
1000,3,5,1.035,200,1,1.768750e+01
1000,3,6,0.952,420,1,-3.519531e+01
1000,3,7,5.023,860,1,4.815352e+02
1000,3,8,0.935,200,1,-2.120312e+01
1000,3,9,0.902,860,1,2.892930e+02
1000,3,10,1.369,860,1,-5.636680e+02
1000,3,11,0.952,420,1,-3.487891e+01
1000,3,12,0.801,420,1,-18
1000,3,12,1.285,420,2,5.488672e+01
1000,3,13,0.819,640,1,3.621289e+02
1000,3,14,1.469,640,1,-2.935938e+02
1000,3,15,0.869,420,1,4.754688e+01
1000,3,16,0.952,860,1,4.884336e+02
1000,3,17,0.951,200,1,1.810547e+01
1000,3,18,0.768,200,1,19
1000,3,19,0.802,860,1,4.938164e+02
1000,3,20,1.318,420,1,1.131367e+02
1000,3,21,0.835,420,1,1.096836e+02
1000,3,22,0.952,860,1,-5.172227e+02
1000,3,23,8.744,420,1,1.999805e+02
1000,3,24,0.818,640,1,3.315117e+02
1000,3,25,0.668,420,1,1.847930e+02
1000,3,26,1.686,860,1,5.374688e+02
1000,3,27,9.712,640,1,3.580781e+02
1000,3,28,4.172,420,1,1.668984e+02
1000,3,29,0.735,200,1,9.839062e+01
1000,3,30,0.618,420,1,2.534102e+02
1000,3,31,1.102,420,1,-2.889688e+02
1000,3,32,8.928,640,1,3.797617e+02
1000,3,33,0.968,200,1,3.398047e+01
1000,3,34,0.870,200,1,1.263672e+01
1000,3,35,0.835,860,1,5.060781e+02
1000,3,36,1.653,860,1,-6.143281e+02
1000,3,37,0.885,860,1,-5.622500e+02
1000,3,38,9.545,200,1,4.157422e+01
1000,3,39,1.486,640,1,4.266523e+02
1000,3,40,0.818,640,1,3.717852e+02
1000,3,41,0.851,200,1,-2.782422e+01
1000,3,42,0.752,640,1,2.698945e+02
1000,3,43,5.807,200,1,1.363281e+01
1000,3,44,1.252,200,1,-1.867188e+00
1000,3,45,2.587,200,1,2.292969e+01
1000,3,46,1.853,640,1,3.292734e+02
1000,3,47,0.902,200,1,-3.733203e+01
1000,3,48,0.919,420,1,-1.705000e+02
1000,3,48,1.686,420,2,1.498438e+02
1000,3,49,5.457,640,1,3.412539e+02
1000,3,50,1.152,640,1,3.916328e+02
1000,3,51,5.490,640,1,3.302148e+02
1000,3,52,1.352,200,1,1.409766e+01
1000,3,53,1.051,420,1,-2.814766e+02
1000,3,54,0.935,860,1,5.631758e+02
1000,3,55,0.868,640,1,3.444180e+02
1000,3,56,0.752,200,1,-4.239844e+01
1000,3,57,1.302,640,1,3.371172e+02
1000,3,58,2.604,860,1,-5.172773e+02
1000,3,59,1.953,640,1,4.552070e+02
1000,3,60,1.085,860,1,4.678203e+02
