Condition,Spread,Block,Trial,Delta,RT,Initial_x,Placed_x,Target_side,Speed,Success
1,1,1,1,700,3.392,182,667,1,6,1
1,1,1,2,5.333333e+02,4.180,-222,-528,-1,6,1
1,1,1,3,5.333333e+02,2.249,-115,487,-1,3,0
1,1,1,4,200,2.316,-95,-194,1,4,1
1,1,1,5,5.333333e+02,5.466,-262,501,1,2,1
1,1,1,6,3.666667e+02,2.616,-183,-355,1,6,0
1,1,1,7,700,2.450,-344,-710,1,5,0
1,1,1,8,5.333333e+02,5.416,-157,489,1,2,1
1,1,1,9,200,4.349,98,-190,1,7,1
1,1,1,10,5.333333e+02,2.750,-158,-526,-1,5,1
1,1,1,11,3.666667e+02,2.100,86,353,1,6,1
1,1,1,12,200,2.000,41,182,1,2,1
1,1,1,13,3.666667e+02,2.116,78,-349,-1,2,1
1,1,1,14,700,2.683,181,680,1,4,1
1,1,1,15,5.333333e+02,2.133,18,-511,1,4,0
1,1,1,16,3.666667e+02,1.733,-110,344,-1,3,0
1,1,1,17,700,2.883,165,688,1,5,1
1,1,1,18,700,1.900,-258,-726,-1,2,1
1,1,1,19,200,2.000,68,165,1,2,1
1,1,1,20,200,2.250,-71,-183,1,4,1
1,1,1,21,700,2.150,-232,672,1,2,1
1,1,1,22,700,3.049,93,666,1,4,1
1,1,1,23,3.666667e+02,2.133,100,-337,1,4,0
1,1,1,24,3.666667e+02,2.300,-82,341,1,1,1
1,1,1,25,200,2.066,-53,176,-1,5,1
1,1,1,26,200,1.683,-15,193,-1,4,1
1,1,1,27,200,1.766,-74,181,1,2,1
1,1,1,28,5.333333e+02,2.150,-53,-529,1,3,0
1,1,1,29,200,1.816,38,162,1,5,1
1,1,1,30,200,1.616,17,181,1,4,1
1,1,1,31,5.333333e+02,2.216,-200,-512,-1,7,1
1,1,1,32,5.333333e+02,2.050,132,519,-1,2,0
1,1,1,33,3.666667e+02,2.300,107,359,1,5,1
1,1,1,34,700,1.850,168,-672,-1,4,1
1,1,1,35,3.666667e+02,1.950,45,347,1,3,1
1,1,1,36,700,2.333,203,-668,1,4,0
1,1,1,37,200,1.666,3,167,-1,5,1
1,1,1,38,3.666667e+02,1.666,-35,-340,-1,1,1
1,1,1,39,3.666667e+02,3.049,-23,352,1,5,1
1,1,1,40,5.333333e+02,3.416,-55,-505,-1,1,1
1,1,1,41,3.666667e+02,1.933,-171,356,-1,3,0
1,1,1,42,700,3.049,180,-683,-1,3,1
1,1,1,43,200,3.483,-47,182,1,6,1
1,1,1,44,700,2.016,-62,-671,1,6,0
1,1,1,45,200,5.199,29,-188,1,5,1
1,1,1,46,700,4.533,-183,-674,-1,4,1
1,1,1,47,700,2.433,-261,672,-1,3,0
1,1,1,48,700,2.100,25,686,-1,6,0
1,1,1,49,3.666667e+02,2.016,-84,336,-1,7,1
1,1,1,50,5.333333e+02,1.933,203,505,-1,3,0
1,1,1,51,3.666667e+02,2.516,62,359,-1,7,1
1,1,1,52,700,5.649,248,664,1,5,1
1,1,1,53,5.333333e+02,2.250,-162,511,-1,2,0
1,1,1,54,5.333333e+02,2.200,14,525,1,3,1
1,1,1,55,3.666667e+02,7.649,-22,368,1,4,1
1,1,1,56,5.333333e+02,8.499,259,-512,-1,7,1
1,1,1,57,200,2.183,-21,182,-1,4,1
1,1,1,58,200,1.933,-15,198,-1,4,1
1,1,1,59,5.333333e+02,2.183,-30,-503,1,5,0
1,1,1,60,3.666667e+02,1.816,-120,347,-1,3,0
1,10000,2,1,200,6.350,-69,-191,1,4,1
1,10000,2,2,3.666667e+02,3.083,52,336,1,4,1
1,10000,2,3,3.666667e+02,2.283,-44,330,-1,4,0
1,10000,2,4,200,1.666,37,-17,-1,4,1
1,10000,2,5,200,2.000,-97,-8,1,4,1
1,10000,2,6,700,2.117,-29,-459,-1,4,1
1,10000,2,7,5.333333e+02,1.733,-41,341,1,4,1
1,10000,2,8,200,1.416,-74,-58,1,4,1
1,10000,2,9,200,1.816,-72,33,1,4,1
1,10000,2,10,5.333333e+02,1.850,263,126,-1,4,0
1,10000,2,11,3.666667e+02,2.200,119,45,-1,4,1
1,10000,2,12,700,1.583,-8,-250,1,4,0
1,10000,2,13,5.333333e+02,1.516,236,296,1,4,1
1,10000,2,14,700,1.566,-328,214,-1,4,0
1,10000,2,15,200,1.666,-65,-17,1,4,1
1,10000,2,16,3.666667e+02,2.016,-178,-11,-1,4,1
1,10000,2,17,3.666667e+02,2.083,102,26,1,4,1
1,10000,2,18,200,1.850,28,-7,-1,4,1
1,10000,2,19,700,1.766,289,-6,1,4,0
1,10000,2,20,700,2.466,-250,-268,-1,4,1
1,10000,2,21,5.333333e+02,1.533,-66,261,1,4,1
1,10000,2,22,5.333333e+02,1.716,254,227,1,4,1
1,10000,2,23,3.666667e+02,2.000,-55,-5,-1,4,1
1,10000,2,24,3.666667e+02,1.533,183,12,-1,4,1
1,10000,2,25,200,1.783,-44,5,1,4,1
1,10000,2,26,200,2.050,-90,-12,1,4,1
1,10000,2,27,700,1.683,-338,4,1,4,0
1,10000,2,28,700,2.766,243,287,1,4,1
1,10000,2,29,5.333333e+02,1.700,115,-68,1,4,0
1,10000,2,30,3.666667e+02,1.533,-9,95,-1,4,0
1,10000,2,31,5.333333e+02,1.800,-152,-232,1,4,0
1,10000,2,32,200,1.516,52,-5,1,4,1
1,10000,2,33,5.333333e+02,1.933,-204,163,1,4,1
1,10000,2,34,200,1.600,76,-5,1,4,1
1,10000,2,35,5.333333e+02,1.800,175,27,1,4,0
1,10000,2,36,3.666667e+02,1.650,159,84,-1,4,0
1,10000,2,37,200,1.616,-36,-21,-1,4,1
1,10000,2,38,5.333333e+02,1.500,-132,2,1,4,0
1,10000,2,39,5.333333e+02,2.183,-50,-396,-1,4,1
1,10000,2,40,5.333333e+02,1.716,-129,-272,-1,4,1
1,10000,2,41,5.333333e+02,1.650,115,-63,-1,4,0
1,10000,2,42,200,1.466,-77,6,1,4,1
1,10000,2,43,700,4.033,318,222,1,4,0
1,10000,2,44,3.666667e+02,1.716,33,225,-1,4,0
1,10000,2,45,3.666667e+02,1.516,-44,-160,1,4,0
1,10000,2,46,200,1.533,-19,57,1,4,1
1,10000,2,47,700,1.816,267,168,1,4,0
1,10000,2,48,3.666667e+02,1.500,-27,139,-1,4,0
1,10000,2,49,700,3.783,-331,-474,-1,4,1
1,10000,2,50,700,1.916,-204,-334,1,4,0
1,10000,2,51,5.333333e+02,15.181,-261,-295,1,4,0
1,10000,2,52,700,3.449,-96,104,-1,4,0
1,10000,2,53,700,1.516,-201,-44,-1,4,0
1,10000,2,54,3.666667e+02,3.116,-153,124,1,4,1
1,10000,2,55,700,1.800,210,246,-1,4,0
1,10000,2,56,5.333333e+02,2.566,-154,-261,1,4,0
1,10000,2,57,3.666667e+02,1.450,102,140,1,4,1
1,10000,2,58,700,1.850,-38,-218,1,4,0
1,10000,2,59,3.666667e+02,2.133,117,202,1,4,1
1,10000,2,60,200,1.633,-83,-17,-1,4,1
