Condition,Spread,Block,Trial,Delta,RT,Initial_x,Placed_x,Target_side,Speed,Success
1,1,1,1,700,4.284,182,-22,1,6,0
1,1,1,2,5.333333e+02,3.263,-222,-262,-1,6,1
1,1,1,3,5.333333e+02,6.181,-115,-269,-1,3,1
1,1,1,4,200,3.065,-95,-85,1,4,1
1,1,1,5,5.333333e+02,4.545,-262,349,1,2,1
1,1,1,6,3.666667e+02,2.649,-183,-249,1,6,1
1,1,1,7,700,2.383,-344,207,1,5,1
1,1,1,8,5.333333e+02,2.416,-157,-203,1,2,0
1,1,1,9,200,2.299,98,2,1,7,1
1,1,1,10,5.333333e+02,2.033,-158,-87,-1,5,1
1,1,1,11,3.666667e+02,2.333,86,-191,1,6,1
1,1,1,12,200,1.850,41,-2,1,2,1
1,1,1,13,3.666667e+02,2.050,78,-53,-1,2,0
1,1,1,14,700,2.600,181,464,1,4,1
1,1,1,15,5.333333e+02,2.766,18,251,1,4,1
1,1,1,16,3.666667e+02,2.400,-110,-196,-1,3,1
1,1,1,17,700,2.100,165,494,1,5,1
1,1,1,18,700,1.916,-258,-325,-1,2,0
1,1,1,19,200,2.383,68,94,1,2,1
1,1,1,20,200,2.149,-71,-127,1,4,1
1,1,1,21,700,2.216,-232,-538,1,2,0
1,1,1,22,700,2.483,93,553,1,4,1
1,1,1,23,3.666667e+02,1.883,100,195,1,4,1
1,1,1,24,3.666667e+02,6.066,-82,231,1,1,1
1,1,1,25,200,2.683,-53,96,-1,5,1
1,1,1,26,200,1.700,-15,-86,-1,4,1
1,1,1,27,200,2.283,-74,-107,1,2,0
1,1,1,28,5.333333e+02,2.416,-53,-353,1,3,0
1,1,1,29,200,2.150,38,-3,1,5,1
1,1,1,30,200,1.883,17,-10,1,4,1
1,1,1,31,5.333333e+02,2.066,-200,-53,-1,7,1
1,1,1,32,5.333333e+02,1.833,132,9,-1,2,0
1,1,1,33,3.666667e+02,3.016,107,254,1,5,1
1,1,1,34,700,1.800,168,528,-1,4,0
1,1,1,35,3.666667e+02,2.133,45,-221,1,3,0
1,1,1,36,700,2.316,203,577,1,4,1
1,1,1,37,200,1.950,3,1,-1,5,1
1,1,1,38,3.666667e+02,1.733,-35,-3,-1,1,0
1,1,1,39,3.666667e+02,1.683,-23,-298,1,5,0
1,1,1,40,5.333333e+02,1.817,-55,-429,-1,1,1
1,1,1,41,3.666667e+02,1.783,-171,-283,-1,3,1
1,1,1,42,700,2.316,180,628,-1,3,0
1,1,1,43,200,1.633,-47,-108,1,6,1
1,1,1,44,700,1.783,-62,-635,1,6,0
1,1,1,45,200,1.633,29,64,1,5,1
1,1,1,46,700,1.433,-183,589,-1,4,0
1,1,1,47,700,1.950,-261,-496,-1,3,1
1,1,1,48,700,2.166,25,-559,-1,6,1
1,1,1,49,3.666667e+02,2.083,-84,-278,-1,7,1
1,1,1,50,5.333333e+02,2.433,203,472,-1,3,0
1,1,1,51,3.666667e+02,1.633,62,-274,-1,7,1
1,1,1,52,700,1.466,248,-641,1,5,0
1,1,1,53,5.333333e+02,2.016,-162,-47,-1,2,0
1,1,1,54,5.333333e+02,2.150,14,375,1,3,1
1,1,1,55,3.666667e+02,1.766,-22,241,1,4,1
1,1,1,56,5.333333e+02,2.833,259,431,-1,7,0
1,1,1,57,200,2.150,-21,-132,-1,4,1
1,1,1,58,200,1.583,-15,-111,-1,4,1
1,1,1,59,5.333333e+02,2.150,-30,-446,1,5,0
1,1,1,60,3.666667e+02,5.532,-120,-301,-1,3,1
1,10000,2,1,200,5.084,-69,-5,1,4,1
1,10000,2,2,3.666667e+02,4.116,52,-3,1,4,1
1,10000,2,3,3.666667e+02,2.583,-44,3,-1,4,1
1,10000,2,4,200,3.483,37,-1,-1,4,1
1,10000,2,5,200,2.966,-97,-1,1,4,1
1,10000,2,6,700,9.582,-29,-328,-1,4,1
1,10000,2,7,5.333333e+02,5.332,-41,-207,1,4,0
1,10000,2,8,200,2.033,-74,-24,1,4,1
1,10000,2,9,200,1.633,-72,6,1,4,1
1,10000,2,10,5.333333e+02,3.449,263,4,-1,4,0
1,10000,2,11,3.666667e+02,2.683,119,-1,-1,4,1
1,10000,2,12,700,2.566,-8,-280,1,4,0
1,10000,2,13,5.333333e+02,2.466,236,107,1,4,1
1,10000,2,14,700,3.333,-328,334,-1,4,0
1,10000,2,15,200,1.866,-65,-33,1,4,1
1,10000,2,16,3.666667e+02,2.100,-178,6,-1,4,1
1,10000,2,17,3.666667e+02,1.933,102,11,1,4,1
1,10000,2,18,200,1.966,28,2,-1,4,1
1,10000,2,19,700,1.983,289,-372,1,4,0
1,10000,2,20,700,2.383,-250,373,-1,4,0
1,10000,2,21,5.333333e+02,2.649,-66,262,1,4,1
1,10000,2,22,5.333333e+02,1.900,254,-317,1,4,0
1,10000,2,23,3.666667e+02,3.149,-55,-1,-1,4,1
1,10000,2,24,3.666667e+02,1.833,183,-2,-1,4,1
1,10000,2,25,200,2.000,-44,-1,1,4,1
1,10000,2,26,200,1.800,-90,3,1,4,1
1,10000,2,27,700,2.833,-338,-510,1,4,0
1,10000,2,28,700,1.600,243,-415,1,4,0
1,10000,2,29,5.333333e+02,1.900,115,-144,1,4,0
1,10000,2,30,3.666667e+02,1.633,-9,35,-1,4,1
1,10000,2,31,5.333333e+02,3.099,-152,-89,1,4,0
1,10000,2,32,200,1.600,52,1,1,4,1
1,10000,2,33,5.333333e+02,2.600,-204,-218,1,4,0
1,10000,2,34,200,1.700,76,-9,1,4,1
1,10000,2,35,5.333333e+02,1.550,175,256,1,4,1
1,10000,2,36,3.666667e+02,1.633,159,178,-1,4,0
1,10000,2,37,200,1.916,-36,-24,-1,4,1
1,10000,2,38,5.333333e+02,1.633,-132,-259,1,4,0
1,10000,2,39,5.333333e+02,1.550,-50,224,-1,4,0
1,10000,2,40,5.333333e+02,3.016,-129,289,-1,4,0
1,10000,2,41,5.333333e+02,3.349,115,234,-1,4,0
1,10000,2,42,200,1.583,-77,-4,1,4,1
1,10000,2,43,700,1.633,318,489,1,4,1
1,10000,2,44,3.666667e+02,2.116,33,24,-1,4,1
1,10000,2,45,3.666667e+02,2.066,-44,10,1,4,1
1,10000,2,46,200,1.716,-19,-9,1,4,1
1,10000,2,47,700,2.400,267,436,1,4,1
1,10000,2,48,3.666667e+02,2.366,-27,7,-1,4,1
1,10000,2,49,700,3.183,-331,-360,-1,4,1
1,10000,2,50,700,1.583,-204,-356,1,4,0
1,10000,2,51,5.333333e+02,2.766,-261,-218,1,4,0
1,10000,2,52,700,2.333,-96,-355,-1,4,1
1,10000,2,53,700,1.833,-201,-415,-1,4,1
1,10000,2,54,3.666667e+02,2.333,-153,3,1,4,1
1,10000,2,55,700,2.783,210,-344,-1,4,1
1,10000,2,56,5.333333e+02,1.966,-154,-159,1,4,0
1,10000,2,57,3.666667e+02,2.166,102,-11,1,4,1
1,10000,2,58,700,2.683,-38,-360,1,4,0
1,10000,2,59,3.666667e+02,2.166,117,-9,1,4,1
1,10000,2,60,200,1.766,-83,-2,-1,4,1
