Condition,Spread,Block,Trial,Delta,RT,Initial_x,Placed_x,Target_side,Speed,Success
2,10000,1,1,5.333333e+02,1.781,193,382,1,4,1
2,10000,1,2,200,2.748,-83,-109,-1,4,1
2,10000,1,3,3.666667e+02,2.248,-97,-95,1,4,0
2,10000,1,4,3.666667e+02,8.165,-19,-157,-1,4,1
2,10000,1,5,700,3.714,94,411,1,4,1
2,10000,1,6,3.666667e+02,3.432,99,142,-1,4,0
2,10000,1,7,3.666667e+02,3.183,123,-8,-1,4,1
2,10000,1,8,700,3.433,-67,-321,-1,4,1
2,10000,1,9,3.666667e+02,2.866,-53,-6,1,4,1
2,10000,1,10,200,3.033,-91,-6,-1,4,1
2,10000,1,11,700,4.983,-63,-292,1,4,0
2,10000,1,12,200,3.883,-7,-2,1,4,1
2,10000,1,13,5.333333e+02,8.982,87,-10,1,4,0
2,10000,1,14,3.666667e+02,3.666,-81,-4,1,4,1
2,10000,1,15,200,2.316,-68,-12,1,4,1
2,10000,1,16,5.333333e+02,4.849,92,224,-1,4,0
2,10000,1,17,5.333333e+02,4.316,86,322,-1,4,0
2,10000,1,18,700,3.999,-213,-512,-1,4,1
2,10000,1,19,700,2.500,-32,542,1,4,1
2,10000,1,20,5.333333e+02,2.433,252,314,-1,4,0
2,10000,1,21,5.333333e+02,2.616,205,182,-1,4,0
2,10000,1,22,200,2.300,54,-4,-1,4,1
2,10000,1,23,200,1.916,54,4,1,4,1
2,10000,1,24,700,2.366,-22,424,-1,4,0
2,10000,1,25,700,2.166,67,494,-1,4,0
2,10000,1,26,700,2.083,-235,464,-1,4,0
2,10000,1,27,3.666667e+02,3.350,45,5,-1,4,1
2,10000,1,28,700,2.049,-7,517,-1,4,0
2,10000,1,29,700,1.983,-269,-478,1,4,0
2,10000,1,30,3.666667e+02,2.099,-123,1,1,4,1
2,10000,1,31,200,1.900,59,2,-1,4,1
2,10000,1,32,5.333333e+02,1.783,24,364,1,4,1
2,10000,1,33,200,2.100,-85,4,1,4,1
2,10000,1,34,5.333333e+02,2.316,-231,-210,1,4,0
2,10000,1,35,700,2.266,201,516,1,4,1
2,10000,1,36,200,2.150,73,0,1,4,1
2,10000,1,37,200,2.183,-86,2,-1,4,1
2,10000,1,38,3.666667e+02,2.483,-9,-5,-1,4,1
2,10000,1,39,200,1.916,28,7,-1,4,1
2,10000,1,40,5.333333e+02,4.133,233,312,1,4,1
2,10000,1,41,700,1.933,-37,-397,1,4,0
2,10000,1,42,5.333333e+02,2.266,17,327,1,4,1
2,10000,1,43,700,2.900,-47,-426,-1,4,1
2,10000,1,44,5.333333e+02,3.816,-225,-309,-1,4,1
2,10000,1,45,5.333333e+02,2.783,-240,-266,1,4,0
2,10000,1,46,5.333333e+02,3.616,27,281,-1,4,0
2,10000,1,47,5.333333e+02,2.200,180,279,-1,4,0
2,10000,1,48,200,2.066,30,7,1,4,1
2,10000,1,49,3.666667e+02,6.016,-164,-4,-1,4,1
2,10000,1,50,200,2.233,-6,-9,1,4,1
2,10000,1,51,5.333333e+02,3.083,241,344,1,4,1
2,10000,1,52,3.666667e+02,3.050,-122,0,1,4,1
2,10000,1,53,3.666667e+02,2.616,73,-17,-1,4,1
2,10000,1,54,200,2.033,49,-1,1,4,1
2,10000,1,55,3.666667e+02,5.583,125,-4,-1,4,1
2,10000,1,56,700,2.200,204,527,1,4,1
2,10000,1,57,3.666667e+02,2.616,-126,-10,-1,4,1
2,10000,1,58,700,1.750,-193,-405,-1,4,1
2,10000,1,59,3.666667e+02,2.900,-97,-2,-1,4,1
2,10000,1,60,200,1.783,43,-14,-1,4,1
2,1,2,1,700,6.201,300,596,-1,4,0
2,1,2,2,3.666667e+02,10.832,92,225,-1,3,0
2,1,2,3,3.666667e+02,6.449,-122,-200,-1,6,1
2,1,2,4,200,11.248,65,0,-1,7,1
2,1,2,5,700,14.231,-43,-588,1,5,0
2,1,2,6,200,2.666,54,2,-1,1,0
2,1,2,7,200,2.533,88,-91,1,1,0
2,1,2,8,3.666667e+02,8.632,154,-215,1,2,0
2,1,2,9,700,3.816,-49,-573,1,5,0
2,1,2,10,700,5.632,105,580,-1,6,0
2,1,2,11,5.333333e+02,4.799,146,392,-1,4,0
2,1,2,12,200,3.266,83,4,1,5,1
2,1,2,13,700,3.566,-233,-606,-1,6,1
2,1,2,14,700,3.899,-86,-585,1,4,0
2,1,2,15,700,2.366,-72,-541,1,2,0
2,1,2,16,5.333333e+02,2.100,-73,-388,1,6,0
2,1,2,17,5.333333e+02,3.549,163,-405,-1,3,1
2,1,2,18,200,3.466,44,8,1,7,1
2,1,2,19,3.666667e+02,3.216,103,128,1,4,1
2,1,2,20,3.666667e+02,4.516,25,113,-1,6,1
2,1,2,21,200,2.366,-15,6,1,3,1
2,1,2,22,200,2.583,-7,4,-1,4,1
2,1,2,23,700,4.132,326,546,1,2,1
2,1,2,24,700,2.150,71,586,1,2,1
2,1,2,25,5.333333e+02,2.683,148,353,1,5,1
2,1,2,26,200,3.133,-39,-1,-1,6,1
2,1,2,27,5.333333e+02,3.699,-104,378,-1,5,0
2,1,2,28,200,2.716,-67,2,1,3,1
2,1,2,29,5.333333e+02,2.666,-41,384,1,7,1
2,1,2,30,200,3.233,11,-10,1,7,1
2,1,2,31,5.333333e+02,4.399,135,358,1,3,1
2,1,2,32,5.333333e+02,2.266,46,394,-1,4,0
2,1,2,33,3.666667e+02,6.199,102,177,-1,5,1
2,1,2,34,200,2.950,-30,9,-1,7,1
2,1,2,35,3.666667e+02,7.416,-79,164,-1,5,1
2,1,2,36,5.333333e+02,7.866,20,355,-1,6,0
2,1,2,37,5.333333e+02,3.183,-37,378,1,3,1
2,1,2,38,700,3.299,-24,-558,-1,4,1
2,1,2,39,3.666667e+02,5.666,-125,-149,1,2,0
2,1,2,40,3.666667e+02,4.299,157,-161,1,6,1
2,1,2,41,200,2.166,44,10,1,6,1
2,1,2,42,200,2.333,-40,-1,1,5,1
2,1,2,43,3.666667e+02,4.533,172,121,-1,4,0
2,1,2,44,3.666667e+02,6.866,115,151,-1,3,0
2,1,2,45,3.666667e+02,2.700,118,173,-1,5,1
2,1,2,46,5.333333e+02,2.150,-185,-385,1,1,0
2,1,2,47,700,2.950,-235,-579,-1,6,1
2,1,2,48,3.666667e+02,4.849,133,159,-1,3,0
2,1,2,49,700,2.500,65,583,1,5,1
2,1,2,50,5.333333e+02,3.199,-35,-439,1,3,0
2,1,2,51,200,4.016,-57,-7,1,6,1
2,1,2,52,700,2.316,98,565,1,5,1
2,1,2,53,3.666667e+02,2.749,-157,-154,1,7,1
2,1,2,54,700,1.916,31,593,-1,5,0
2,1,2,55,5.333333e+02,3.383,210,356,1,3,1
2,1,2,56,700,2.166,249,563,1,2,1
2,1,2,57,5.333333e+02,2.333,156,412,1,7,1
2,1,2,58,5.333333e+02,1.950,-220,-362,-1,6,1
2,1,2,59,3.666667e+02,4.999,-87,170,-1,7,1
2,1,2,60,200,2.749,36,7,1,6,1
