Condition,Spread,Block,Trial,Delta,RT,Initial_x,Placed_x,Target_side,Speed,Success
1,10000,1,1,5.333333e+02,5.760,193,-84,1,4,0
1,10000,1,2,200,4.681,-83,9,-1,4,1
1,10000,1,3,3.666667e+02,3.965,-97,41,1,4,1
1,10000,1,4,3.666667e+02,4.699,-19,21,-1,4,1
1,10000,1,5,700,5.947,94,1,1,4,0
1,10000,1,6,3.666667e+02,4.232,99,6,-1,4,1
1,10000,1,7,3.666667e+02,5.132,123,17,-1,4,1
1,10000,1,8,700,3.532,-67,-367,-1,4,1
1,10000,1,9,3.666667e+02,3.166,-53,11,1,4,1
1,10000,1,10,200,2.899,-91,11,-1,4,1
1,10000,1,11,700,2.583,-63,-202,1,4,0
1,10000,1,12,200,2.566,-7,5,1,4,1
1,10000,1,13,5.333333e+02,2.333,87,-200,1,4,0
1,10000,1,14,3.666667e+02,3.149,-81,14,1,4,1
1,10000,1,15,200,2.766,-68,9,1,4,1
1,10000,1,16,5.333333e+02,2.933,92,-115,-1,4,1
1,10000,1,17,5.333333e+02,3.799,86,-183,-1,4,1
1,10000,1,18,700,2.683,-213,-314,-1,4,1
1,10000,1,19,700,2.516,-32,-78,1,4,0
1,10000,1,20,5.333333e+02,2.399,252,165,-1,4,0
1,10000,1,21,5.333333e+02,3.083,205,-74,-1,4,0
1,10000,1,22,200,2.483,54,-8,-1,4,1
1,10000,1,23,200,3.099,54,29,1,4,1
1,10000,1,24,700,6.582,-22,-770,-1,4,1
1,10000,1,25,700,3.799,67,-767,-1,4,1
1,10000,1,26,700,4.316,-235,-760,-1,4,1
1,10000,1,27,3.666667e+02,2.566,45,-93,-1,4,1
1,10000,1,28,700,3.499,-7,-766,-1,4,1
1,10000,1,29,700,3.016,-269,-766,1,4,0
1,10000,1,30,3.666667e+02,2.516,-123,-17,1,4,1
1,10000,1,31,200,2.466,59,-20,-1,4,1
1,10000,1,32,5.333333e+02,2.483,24,-346,1,4,0
1,10000,1,33,200,3.016,-85,-8,1,4,1
1,10000,1,34,5.333333e+02,2.783,-231,-196,1,4,0
1,10000,1,35,700,2.399,201,351,1,4,1
1,10000,1,36,200,3.199,73,52,1,4,1
1,10000,1,37,200,2.716,-86,-21,-1,4,1
1,10000,1,38,3.666667e+02,2.949,-9,4,-1,4,1
1,10000,1,39,200,2.433,28,11,-1,4,1
1,10000,1,40,5.333333e+02,2.816,233,-151,1,4,0
1,10000,1,41,700,3.666,-37,318,1,4,1
1,10000,1,42,5.333333e+02,2.133,17,286,1,4,1
1,10000,1,43,700,2.633,-47,435,-1,4,0
1,10000,1,44,5.333333e+02,4.016,-225,355,-1,4,0
1,10000,1,45,5.333333e+02,2.866,-240,-272,1,4,0
1,10000,1,46,5.333333e+02,3.333,27,257,-1,4,0
1,10000,1,47,5.333333e+02,2.716,180,-363,-1,4,1
1,10000,1,48,200,3.366,30,4,1,4,1
1,10000,1,49,3.666667e+02,3.416,-164,20,-1,4,1
1,10000,1,50,200,2.616,-6,3,1,4,1
1,10000,1,51,5.333333e+02,3.083,241,240,1,4,1
1,10000,1,52,3.666667e+02,2.383,-122,183,1,4,1
1,10000,1,53,3.666667e+02,2.633,73,4,-1,4,1
1,10000,1,54,200,2.183,49,-2,1,4,1
1,10000,1,55,3.666667e+02,1.999,125,-4,-1,4,1
1,10000,1,56,700,2.649,204,454,1,4,1
1,10000,1,57,3.666667e+02,3.483,-126,4,-1,4,1
1,10000,1,58,700,2.849,-193,554,-1,4,0
1,10000,1,59,3.666667e+02,2.716,-97,23,-1,4,1
1,10000,1,60,200,1.966,43,-1,-1,4,1
1,1,2,1,700,7.310,300,497,-1,4,0
1,1,2,2,3.666667e+02,5.732,92,77,-1,3,0
1,1,2,3,3.666667e+02,6.132,-122,25,-1,6,1
1,1,2,4,200,3.316,65,9,-1,7,1
1,1,2,5,700,3.416,-43,622,1,5,1
1,1,2,6,200,3.332,54,-8,-1,1,0
1,1,2,7,200,2.649,88,-12,1,1,0
1,1,2,8,3.666667e+02,5.932,154,9,1,2,0
1,1,2,9,700,3.149,-49,626,1,5,1
1,1,2,10,700,5.082,105,610,-1,6,0
1,1,2,11,5.333333e+02,2.733,146,16,-1,4,0
1,1,2,12,200,3.049,83,6,1,5,1
1,1,2,13,700,2.449,-233,-489,-1,6,1
1,1,2,14,700,3.216,-86,-634,1,4,0
1,1,2,15,700,2.833,-72,-606,1,2,0
1,1,2,16,5.333333e+02,3.749,-73,450,1,6,1
1,1,2,17,5.333333e+02,2.799,163,448,-1,3,0
1,1,2,18,200,2.666,44,-10,1,7,1
1,1,2,19,3.666667e+02,2.733,103,-201,1,4,0
1,1,2,20,3.666667e+02,2.033,25,36,-1,6,1
1,1,2,21,200,1.849,-15,4,1,3,1
1,1,2,22,200,2.716,-7,6,-1,4,1
1,1,2,23,700,2.899,326,616,1,2,1
1,1,2,24,700,3.366,71,529,1,2,1
1,1,2,25,5.333333e+02,3.166,148,434,1,5,1
1,1,2,26,200,2.699,-39,2,-1,6,1
1,1,2,27,5.333333e+02,2.666,-104,-412,-1,5,1
1,1,2,28,200,2.433,-67,-7,1,3,1
1,1,2,29,5.333333e+02,2.200,-41,398,1,7,1
1,1,2,30,200,2.466,11,14,1,7,1
1,1,2,31,5.333333e+02,2.383,135,436,1,3,1
1,1,2,32,5.333333e+02,2.449,46,447,-1,4,0
1,1,2,33,3.666667e+02,2.799,102,19,-1,5,1
1,1,2,34,200,2.383,-30,-1,-1,7,1
1,1,2,35,3.666667e+02,2.150,-79,16,-1,5,1
1,1,2,36,5.333333e+02,2.766,20,-171,-1,6,1
1,1,2,37,5.333333e+02,2.033,-37,-244,1,3,0
1,1,2,38,700,2.483,-24,-599,-1,4,1
1,1,2,39,3.666667e+02,2.266,-125,303,1,2,1
1,1,2,40,3.666667e+02,2.383,157,-278,1,6,1
1,1,2,41,200,2.433,44,2,1,6,1
1,1,2,42,200,2.266,-40,7,1,5,1
1,1,2,43,3.666667e+02,2.549,172,-24,-1,4,1
1,1,2,44,3.666667e+02,2.250,115,-106,-1,3,1
1,1,2,45,3.666667e+02,2.150,118,-160,-1,5,1
1,1,2,46,5.333333e+02,2.233,-185,66,1,1,0
1,1,2,47,700,2.116,-235,-443,-1,6,1
1,1,2,48,3.666667e+02,2.083,133,-28,-1,3,1
1,1,2,49,700,2.150,65,-482,1,5,0
1,1,2,50,5.333333e+02,1.766,-35,167,1,3,0
1,1,2,51,200,2.050,-57,22,1,6,1
1,1,2,52,700,2.600,98,561,1,5,1
1,1,2,53,3.666667e+02,2.583,-157,0,1,7,1
1,1,2,54,700,3.816,31,-463,-1,5,1
1,1,2,55,5.333333e+02,2.466,210,80,1,3,0
1,1,2,56,700,2.516,249,589,1,2,1
1,1,2,57,5.333333e+02,2.466,156,-328,1,7,0
1,1,2,58,5.333333e+02,2.166,-220,134,-1,6,0
1,1,2,59,3.666667e+02,1.983,-87,4,-1,7,1
1,1,2,60,200,2.566,36,12,1,6,1
