Condition,Spread,Block,Trial,Delta,RT,Initial_x,Placed_x,Target_side,Speed,Success
1,10000,1,1,200,15.738,-12,-5.319922e+01,-1,5,1
1,10000,1,2,860,6.334,-123,3.220742e+02,1,5,1
1,10000,1,3,200,5.167,41,4.448047e+01,1,5,1
1,10000,1,4,640,3.550,-167,2.320703e+02,-1,5,0
1,10000,1,5,200,2.483,79,-5.925781e+00,-1,5,1
1,10000,1,6,200,3.267,93,1.693359e+01,1,5,1
1,10000,1,7,640,3.417,285,1.705703e+02,-1,5,0
1,10000,1,8,420,3.100,23,1.151055e+02,-1,5,1
1,10000,1,9,640,2.417,115,-1.093633e+02,1,5,0
1,10000,1,10,640,2.416,-211,-1.493711e+02,-1,5,1
1,10000,1,11,200,2.300,98,3.628125e+01,1,5,1
1,10000,1,12,420,2.584,58,-9.566406e+01,-1,5,1
1,10000,1,13,860,5.700,214,2.116406e+02,1,5,0
1,10000,1,14,200,3.250,15,5.301172e+01,-1,5,1
1,10000,1,15,200,2.200,78,-7.910938e+01,-1,5,1
1,10000,1,16,860,3.000,-289,1.461445e+02,-1,5,0
1,10000,1,17,420,1.916,-172,1.346875e+02,-1,5,0
1,10000,1,18,860,2.267,-292,-2.727969e+02,-1,5,0
1,10000,1,19,420,2.184,164,4.222266e+01,1,5,1
1,10000,1,20,860,2.116,-212,-1.603086e+02,1,5,0
1,10000,1,21,640,2.166,-24,-1.182383e+02,1,5,0
1,10000,1,22,420,2.467,-177,1.914062e-01,-1,5,1
1,10000,1,23,640,2.433,11,8.396875e+01,-1,5,0
1,10000,1,24,420,2.100,-175,1.356836e+02,-1,5,0
1,10000,1,25,200,2.183,29,-2.731250e+01,1,5,1
1,10000,1,26,860,1.801,-324,-3.831250e+01,1,5,0
1,10000,1,27,640,2.250,-288,-1.974609e+02,-1,5,1
1,10000,1,28,200,2.450,88,-2.369531e+01,1,5,1
1,10000,1,29,420,2.651,198,-1.408672e+02,1,5,0
1,10000,1,30,200,4.534,56,3.548047e+01,1,5,1
1,10000,1,31,860,2.466,-225,-3.695547e+02,1,5,0
1,10000,1,32,420,2.716,90,1.838945e+02,-1,5,0
1,10000,1,33,640,3.017,10,-2.338984e+02,1,5,0
1,10000,1,34,640,2.501,-291,2.978828e+02,1,5,1
1,10000,1,35,860,2.683,101,2.682188e+02,-1,5,0
1,10000,1,36,860,2.450,68,2.873711e+02,-1,5,0
1,10000,1,37,420,2.083,104,-6.314844e+01,1,5,1
1,10000,1,38,860,2.450,-177,2.376328e+02,-1,5,0
1,10000,1,39,200,2.567,15,5.323438e+01,1,5,1
1,10000,1,40,640,2.618,-241,2.389609e+02,-1,5,0
1,10000,1,41,200,2.484,-57,1.491016e+01,1,5,1
1,10000,1,42,640,2.834,-259,2.444961e+02,1,5,1
1,10000,1,43,420,3.334,181,1.622539e+02,1,5,1
1,10000,1,44,420,2.650,-161,5.745312e+01,-1,5,1
1,10000,1,45,640,2.100,-151,2.058086e+02,-1,5,0
1,10000,1,46,200,1.916,-55,-5.585938e+00,1,5,1
1,10000,1,47,640,2.317,-9,2.298438e+02,1,5,1
1,10000,1,48,860,2.733,-315,3.450391e+02,1,5,1
1,10000,1,49,200,2.250,-83,4.631641e+01,1,5,1
1,10000,1,50,420,2.783,-148,-1.650547e+02,-1,5,1
1,10000,1,51,200,2.633,52,5.585938e+01,-1,5,1
1,10000,1,52,420,3.134,52,1.245195e+02,-1,5,1
1,10000,1,53,860,2.117,313,1.246367e+02,1,5,0
1,10000,1,54,640,4.117,-141,1.799102e+02,-1,5,0
1,10000,1,55,420,2.917,-94,1.526680e+02,1,5,1
1,10000,1,56,860,3.300,257,1.656484e+02,-1,5,0
1,10000,1,57,420,3.200,-13,1.849727e+02,1,5,1
1,10000,1,58,860,3.417,352,-2.755156e+02,1,5,0
1,10000,1,59,640,2.583,-111,-2.589062e+02,-1,5,1
1,10000,1,60,860,3.034,355,1.230078e+02,1,5,0
1,1,2,1,640,6.788,-190,-3.470430e+02,1,4,0
1,1,2,2,200,5.483,95,1.104414e+02,1,3,1
1,1,2,3,420,8.700,195,1.704648e+02,-1,8,1
1,1,2,4,200,2.866,-34,-7.743750e+01,1,3,1
1,1,2,5,420,2.250,193,2.502422e+02,1,4,1
1,1,2,6,420,2.233,-5,-2.359531e+02,-1,3,1
1,1,2,7,420,3.334,-50,-1.491719e+02,-1,2,0
1,1,2,8,860,5.767,314,1.519336e+02,-1,3,0
1,1,2,9,200,4.333,-13,-9.552734e+01,1,5,1
1,1,2,10,640,4.934,-175,-2.201211e+02,-1,7,1
1,1,2,11,860,2.683,-233,4.729297e+02,1,8,1
1,1,2,12,640,4.450,30,2.845312e+02,1,6,1
1,1,2,13,200,2.416,-51,8.711719e+01,1,7,1
1,1,2,14,640,2.517,97,-2.702305e+02,-1,3,0
1,1,2,15,640,4.100,-250,-3.749414e+02,1,8,0
1,1,2,16,640,3.233,-24,2.304844e+02,1,6,1
1,1,2,17,860,2.517,272,-3.927656e+02,-1,8,1
1,1,2,18,420,1.883,100,1.528281e+02,1,4,1
1,1,2,19,420,3.083,181,-1.369219e+02,1,4,0
1,1,2,20,860,4.133,29,-2.985508e+02,1,5,0
1,1,2,21,640,2.033,201,1.914766e+02,-1,6,0
1,1,2,22,420,2.183,-163,1.342617e+02,-1,5,0
1,1,2,23,200,2.984,-55,2.652734e+01,-1,8,1
1,1,2,24,420,2.100,-189,-1.645625e+02,1,1,0
1,1,2,25,200,1.683,-6,-4.369531e+01,-1,8,1
1,1,2,26,640,1.866,-202,2.976055e+02,-1,5,0
1,1,2,27,640,1.982,-90,-2.959258e+02,-1,7,1
1,1,2,28,200,1.933,-99,6.267578e+01,1,6,1
1,1,2,29,640,2.017,-53,-3.793711e+02,1,8,0
1,1,2,30,860,3.467,288,2.075039e+02,-1,6,0
1,1,2,31,860,2.850,143,2.381211e+02,1,2,0
1,1,2,32,640,2.517,-289,4.838789e+02,1,4,1
1,1,2,33,420,1.867,185,-2.885352e+02,-1,7,1
1,1,2,34,200,1.883,-30,-1.127812e+02,1,4,1
1,1,2,35,640,1.984,3,4.650391e+02,-1,5,0
1,1,2,36,420,1.617,26,1.858984e+02,-1,2,0
1,1,2,37,420,1.817,79,2.906602e+02,-1,3,0
1,1,2,38,860,2.233,-366,6.815273e+02,1,5,1
1,1,2,39,860,2.283,-408,-4.540312e+02,-1,7,1
1,1,2,40,860,2.684,269,-3.757227e+02,-1,7,1
1,1,2,41,200,2.200,-16,1.038477e+02,-1,2,0
1,1,2,42,420,1.933,-38,-6.762891e+01,-1,9,1
1,1,2,43,420,1.900,-43,-2.404883e+02,-1,4,1
1,1,2,44,640,2.000,-26,4.096602e+02,-1,5,0
1,1,2,45,860,1.867,-255,6.017188e+02,-1,5,0
1,1,2,46,200,1.566,30,1.377344e+01,1,6,1
1,1,2,47,640,1.917,-294,-4.486680e+02,1,7,0
1,1,2,48,860,2.450,94,6.146211e+02,1,3,1
1,1,2,49,200,2.084,89,7.904297e+01,1,2,1
1,1,2,50,860,1.683,-101,-4.747891e+02,1,6,0
1,1,2,51,860,2.133,279,-1.724531e+02,-1,7,1
1,1,2,52,860,3.066,239,-7.372852e+02,1,2,0
1,1,2,53,200,1.600,75,1.008594e+02,-1,2,0
1,1,2,54,200,2.933,21,6.882422e+01,-1,4,1
1,1,2,55,420,1.700,149,-1.813203e+02,-1,8,1
1,1,2,56,640,1.766,111,-4.209180e+02,-1,2,1
1,1,2,57,200,1.533,-36,9.781250e+01,-1,3,1
1,1,2,58,200,1.599,20,4.036719e+01,1,8,1
1,1,2,59,420,1.683,155,-2.295820e+02,1,5,0
1,1,2,60,860,1.733,-335,-4.301055e+02,-1,5,1
