Condition,Spread,Block,Trial,Delta,RT,Initial_x,Placed_x,Target_side,Speed,Success
1,1,1,1,640,17.592,-313,3.832656e+02,-1,7,0
1,1,1,2,860,10.915,-176,5.374570e+02,1,4,1
1,1,1,3,200,4.233,21,3.902266e+02,1,4,1
1,1,1,4,640,2.533,-82,-3.586445e+02,-1,8,1
1,1,1,5,200,2.817,58,7.721016e+02,-1,8,0
1,1,1,6,860,5.017,292,-1.776445e+02,-1,8,1
1,1,1,7,640,2.283,-18,-2.852461e+02,1,4,0
1,1,1,8,200,2.501,7,-3.523438e+00,1,2,1
1,1,1,9,640,2.300,215,4.372344e+02,1,4,1
1,1,1,10,200,1.717,94,2.099219e+01,-1,4,1
1,1,1,11,200,2.017,-54,8.680078e+01,-1,3,1
1,1,1,12,420,3.867,81,-3.585938e+00,-1,4,1
1,1,1,13,860,5.184,-253,6.293320e+02,-1,8,0
1,1,1,14,420,1.717,-102,7.603516e+01,-1,5,1
1,1,1,15,860,1.950,403,-4.943086e+02,1,4,0
1,1,1,16,640,2.700,74,6.277734e+01,1,9,1
1,1,1,17,200,1.767,-61,3.207031e+01,-1,5,1
1,1,1,18,860,2.000,-152,-1.400898e+02,1,4,0
1,1,1,19,420,1.551,-137,1.429727e+02,1,3,1
1,1,1,20,200,1.468,94,-1.093398e+02,1,9,1
1,1,1,21,420,1.917,103,-2.863906e+02,1,8,1
1,1,1,22,420,1.584,21,-5.015234e+01,1,2,0
1,1,1,23,860,1.467,357,4.556055e+02,1,6,1
1,1,1,24,640,1.851,231,-5.464258e+02,-1,9,1
1,1,1,25,860,2.467,-73,-7.599844e+02,-1,6,1
1,1,1,26,640,2.767,-197,5.385117e+02,1,8,1
1,1,1,27,640,1.717,303,4.477109e+02,1,5,1
1,1,1,28,860,4.050,-92,-3.575469e+02,-1,6,1
1,1,1,29,420,2.667,-97,-1.810312e+02,1,6,1
1,1,1,30,420,2.033,202,-4.706641e+01,-1,3,0
1,1,1,31,420,2.233,187,-1.838203e+02,-1,9,1
1,1,1,32,420,1.618,174,1.523711e+02,-1,8,1
1,1,1,33,860,1.949,94,6.937539e+02,1,4,1
1,1,1,34,200,2.484,-87,-3.236719e+02,1,8,1
1,1,1,35,640,1.867,-169,-4.650898e+02,-1,7,1
1,1,1,36,200,1.517,-60,1.019531e+01,1,5,1
1,1,1,37,200,1.517,-34,-6.917188e+01,1,3,1
1,1,1,38,860,1.733,-37,4.389297e+02,-1,1,0
1,1,1,39,420,1.567,184,6.872266e+01,-1,8,1
1,1,1,40,860,1.800,246,-2.671914e+02,1,5,0
1,1,1,41,640,1.600,99,1.612383e+02,1,6,1
1,1,1,42,640,3.134,125,4.227891e+02,1,5,1
1,1,1,43,200,1.717,40,-1.551328e+02,1,6,1
1,1,1,44,860,1.783,-333,-8.304492e+02,1,2,0
1,1,1,45,200,2.251,7,1.761562e+02,1,1,1
1,1,1,46,640,2.300,-295,5.810195e+02,-1,4,0
1,1,1,47,640,1.984,146,-1.449023e+02,-1,8,1
1,1,1,48,420,1.633,116,-2.232695e+02,-1,4,1
1,1,1,49,640,2.034,-202,-3.656836e+02,-1,8,1
1,1,1,50,420,2.050,4,-1.827344e+02,1,9,1
1,1,1,51,200,1.401,81,-4.480078e+01,-1,6,1
1,1,1,52,420,1.517,-120,1.707461e+02,-1,6,1
1,1,1,53,640,1.750,-170,3.624727e+02,-1,2,0
1,1,1,54,420,1.650,-190,-1.277617e+02,1,3,0
1,1,1,55,420,2.434,-120,2.937969e+02,1,7,1
1,1,1,56,860,2.100,286,-6.732148e+02,1,6,0
1,1,1,57,200,1.917,24,3.738281e+01,-1,6,1
1,1,1,58,860,2.750,420,6.143281e+02,1,3,1
1,1,1,59,860,1.900,-229,-6.821328e+02,1,4,0
1,1,1,60,200,2.083,-80,2.781484e+02,-1,7,1
1,10000,2,1,640,3.713,43,3.609297e+02,-1,5,0
1,10000,2,2,420,2.983,175,-6.985547e+01,-1,5,1
1,10000,2,3,200,1.567,24,8.542969e+00,1,5,1
1,10000,2,4,420,1.617,86,2.338164e+02,-1,5,0
1,10000,2,5,860,2.267,-95,-7.583750e+02,1,5,0
1,10000,2,6,860,1.867,84,7.000781e+02,1,5,1
1,10000,2,7,200,2.150,8,1.968750e+00,1,5,1
1,10000,2,8,860,1.716,164,7.263867e+02,-1,5,0
1,10000,2,9,420,2.099,-180,2.358203e+01,1,5,1
1,10000,2,10,420,1.900,-167,2.488281e+00,-1,5,1
1,10000,2,11,860,1.967,4,6.488594e+02,-1,5,0
1,10000,2,12,860,1.550,-73,-6.683477e+02,1,5,0
1,10000,2,13,640,2.050,250,3.895000e+02,-1,5,0
1,10000,2,14,640,1.568,-162,-3.482070e+02,1,5,0
1,10000,2,15,860,1.600,323,-6.700703e+02,-1,5,1
1,10000,2,16,200,1.817,89,2.777344e+01,1,5,1
1,10000,2,17,200,1.550,-10,-1.366016e+01,1,5,1
1,10000,2,18,420,1.583,-140,1.565000e+02,-1,5,0
1,10000,2,19,640,3.466,-92,5.167852e+02,-1,5,0
1,10000,2,20,420,1.917,180,2.734375e-01,1,5,1
1,10000,2,21,200,1.467,70,2.617188e+00,-1,5,1
1,10000,2,22,640,6.450,79,4.243125e+02,1,5,1
1,10000,2,23,860,1.817,-416,-6.845781e+02,1,5,0
1,10000,2,24,420,2.283,-76,3.097266e+01,-1,5,1
1,10000,2,25,640,3.134,152,-2.988164e+02,1,5,0
1,10000,2,26,200,1.801,69,2.692188e+01,1,5,1
1,10000,2,27,420,3.567,71,2.428906e+01,1,5,1
1,10000,2,28,860,2.049,358,6.337148e+02,-1,5,0
1,10000,2,29,420,1.783,-101,2.732031e+01,1,5,1
1,10000,2,30,640,1.934,-253,3.921602e+02,-1,5,0
1,10000,2,31,640,1.817,111,2.898516e+02,1,5,1
1,10000,2,32,420,1.583,171,-1.267539e+02,-1,5,1
1,10000,2,33,420,1.533,115,3.398047e+01,1,5,1
1,10000,2,34,640,1.567,64,4.080039e+02,-1,5,0
1,10000,2,35,200,1.600,18,1.061328e+01,-1,5,1
1,10000,2,36,200,1.466,-32,1.282422e+01,1,5,1
1,10000,2,37,640,3.617,216,1.414961e+02,1,5,1
1,10000,2,38,860,1.534,-416,-4.916484e+02,1,5,0
1,10000,2,39,200,1.434,-42,2.937891e+01,-1,5,1
1,10000,2,40,420,1.499,-94,1.387109e+01,1,5,1
1,10000,2,41,200,1.683,59,3.373438e+01,1,5,1
1,10000,2,42,640,1.767,-69,3.411367e+02,1,5,1
1,10000,2,43,420,1.635,133,3.042188e+01,1,5,1
1,10000,2,44,860,1.633,292,5.825352e+02,-1,5,0
1,10000,2,45,200,1.350,65,6.210938e-01,-1,5,1
1,10000,2,46,860,1.666,165,-6.448047e+02,1,5,0
1,10000,2,47,640,2.616,26,5.986328e+01,1,5,0
1,10000,2,48,420,1.468,-63,4.309375e+01,1,5,1
1,10000,2,49,640,1.567,40,1.517695e+02,1,5,1
1,10000,2,50,200,1.649,-50,2.008203e+01,1,5,1
1,10000,2,51,860,1.700,-247,-7.032812e+02,-1,5,1
1,10000,2,52,640,2.417,73,4.405859e+01,1,5,0
1,10000,2,53,200,1.501,-20,4.093750e+01,1,5,1
1,10000,2,54,200,1.433,90,1.827734e+01,1,5,1
1,10000,2,55,200,1.500,-7,-1.742578e+01,1,5,1
1,10000,2,56,640,1.483,281,4.188281e+02,1,5,1
1,10000,2,57,860,1.567,167,6.907930e+02,1,5,1
1,10000,2,58,860,2.617,-105,-7.077812e+02,1,5,0
1,10000,2,59,860,1.534,92,4.754375e+02,-1,5,0
1,10000,2,60,420,2.500,-160,1.558594e+01,-1,5,1
