Spread,Block,Trial,Time_elapsed,Delta,click_num,Placed_x
10000,1,1,26.210,860,1,-1.043398e+02
10000,1,2,58.400,860,1,-3.673047e+01
10000,1,3,2.938,860,1,1.371758e+02
10000,1,4,3.956,695,1,3.652109e+02
10000,1,5,12.599,200,1,7.265625e+00
10000,1,6,4.023,530,1,3.408594e+01
10000,1,7,4.807,200,1,3.867188e-01
10000,1,8,5.339,530,1,3.967969e+01
10000,1,9,3.405,695,1,-1.001836e+02
10000,1,10,2.354,200,1,2.096484e+01
10000,1,11,7.176,530,1,1.593320e+02
10000,1,12,4.123,695,1,-2.960547e+01
10000,1,13,2.454,365,1,-3.060938e+01
10000,1,14,3.305,365,1,2.362891e+01
10000,1,15,2.421,200,1,5.875000e+00
10000,1,16,4.690,365,1,-2.003906e+00
10000,1,17,5.658,860,1,-1.656484e+02
10000,1,17,6.659,860,2,-3.479688e+01
10000,1,17,8.044,860,3,-1.539453e+01
10000,1,18,4.139,695,1,-2.560703e+02
10000,1,19,2.354,200,1,-3.281250e+00
10000,1,20,2.588,695,1,2.455312e+02
10000,1,21,3.055,365,1,3.279297e+01
10000,1,22,4.073,365,1,-1.847656e+01
10000,1,23,2.721,695,1,-2.730078e+01
10000,1,24,1.970,200,1,-1.519531e+00
10000,1,25,2.737,695,1,1.552305e+02
10000,1,26,1.686,365,1,-8.335938e+00
10000,1,27,3.739,860,1,-2.125664e+02
10000,1,28,3.622,860,1,-1.713867e+02
10000,1,29,1.569,530,1,-2.022031e+02
10000,1,30,13.967,530,1,6.798438e+01
10000,1,31,1.820,530,1,-9.804688e-01
10000,1,32,3.789,695,1,8.641797e+01
10000,1,33,2.321,860,1,1.968516e+02
10000,1,34,4.490,860,1,6.039453e+01
10000,1,35,2.471,860,1,2.620430e+02
10000,1,36,1.252,200,1,1.171875e+01
10000,1,37,1.620,200,1,1.877734e+01
10000,1,38,2.671,530,1,-3.220703e+01
10000,1,39,2.988,530,1,-3.987891e+01
10000,1,40,2.538,860,1,-1.811719e+02
10000,1,41,1.453,365,1,7.601562e+00
10000,1,42,4.289,695,1,1.734492e+02
10000,1,43,1.503,200,1,1.753906e+00
10000,1,44,1.919,365,1,3.535156e+01
10000,1,45,2.304,695,1,-1.482695e+02
10000,1,45,3.772,695,2,-1.645586e+02
10000,1,46,1.453,200,1,-1.158594e+01
10000,1,47,2.237,860,1,-2.147695e+02
10000,1,47,3.338,860,2,-2.420625e+02
10000,1,48,3.071,860,1,2.949883e+02
10000,1,49,1.252,365,1,2.569141e+01
10000,1,50,2.437,530,1,-1.047461e+02
10000,1,51,1.136,530,1,4.028906e+01
10000,1,52,1.186,200,1,1.238281e+01
10000,1,53,2.137,695,1,3.120625e+02
10000,1,54,2.137,530,1,1.084844e+02
10000,1,55,2.003,695,1,2.940117e+02
10000,1,55,2.921,695,2,1.498711e+02
10000,1,56,2.020,365,1,6.908594e+01
10000,1,57,3.906,860,1,1.168750e+02
10000,1,57,5.307,860,2,1.989023e+02
10000,1,58,2.971,530,1,6.408594e+01
10000,1,59,1.486,365,1,8.253906e+01
10000,1,59,2.354,365,2,3.431641e+01
10000,1,60,1.586,200,1,-1.921875e+00
10000,1,61,1.452,365,1,-4.403125e+01
10000,1,61,2.270,365,2,-7.222656e+00
10000,1,62,2.054,365,1,-1.348438e+01
10000,1,63,2.237,860,1,1.782109e+02
10000,1,64,1.720,530,1,1.380430e+02
10000,1,65,1.302,200,1,7.468750e+00
10000,1,66,1.936,530,1,-1.675430e+02
10000,1,67,1.302,365,1,3.404297e+01
10000,1,68,1.920,695,1,-1.417539e+02
10000,1,69,1.219,200,1,4.292969e+00
10000,1,70,1.703,530,1,-1.795469e+02
10000,1,71,4.840,695,1,1.414062e+02
10000,1,72,1.619,695,1,2.394805e+02
10000,1,73,1.436,365,1,-1.631641e+01
10000,1,74,1.219,200,1,1.583984e+01
10000,1,75,1.787,860,1,4.239961e+02
1,2,1,3.221,695,1,-1.241211e+02
1,2,2,1.352,860,1,-6.796875e+00
1,2,3,1.336,695,1,-6.668359e+01
1,2,4,2.004,860,1,3.271055e+02
1,2,5,1.002,200,1,-5.914062e+00
1,2,6,1.035,365,1,-3.175000e+01
1,2,7,1.569,860,1,3.473750e+02
1,2,8,1.686,530,1,4.892188e+01
1,2,9,1.686,200,1,1.652344e+00
1,2,10,1.336,695,1,-3.084883e+02
1,2,11,1.269,530,1,4.328906e+01
1,2,12,1.236,200,1,-3.320312e+00
1,2,13,1.769,530,1,-1.776758e+02
1,2,14,1.202,530,1,2.013672e+01
1,2,15,1.419,200,1,-5.015625e+00
1,2,16,1.069,365,1,-3.298438e+01
1,2,17,1.953,860,1,-4.260664e+02
1,2,18,1.336,695,1,7.167969e+01
1,2,19,1.219,365,1,-7.565625e+01
1,2,20,1.386,365,1,4.914844e+01
1,2,21,1.636,860,1,-5.199570e+02
1,2,22,1.119,530,1,9.817578e+01
1,2,23,2.070,860,1,4.240742e+02
1,2,24,1.186,200,1,-5.578125e+00
1,2,25,2.020,530,1,2.588438e+02
1,2,26,1.670,695,1,-2.532266e+02
1,2,27,1.021,200,1,1.710938e+01
1,2,28,1.436,530,1,2.757500e+02
1,2,29,2.054,860,1,3.940391e+02
1,2,30,0.835,530,1,-3.913281e+01
1,2,31,1.369,860,1,-2.597930e+02
1,2,32,1.770,695,1,-3.548828e+02
1,2,33,1.102,860,1,4.422148e+02
1,2,34,1.336,365,1,-7.464844e+00
1,2,35,1.236,530,1,9.113281e+00
1,2,36,1.036,200,1,-9.136719e+00
1,2,37,1.236,365,1,5.133984e+01
1,2,38,1.603,860,1,4.988906e+02
1,2,39,1.069,200,1,1.099609e+01
1,2,40,1.369,695,1,4.178945e+02
1,2,41,1.319,200,1,-6.171875e-01
1,2,42,1.903,860,1,4.994180e+02
1,2,43,1.636,695,1,4.535547e+02
1,2,44,1.653,530,1,-2.533633e+02
1,2,45,1.703,530,1,3.580469e+02
1,2,46,0.935,365,1,9.738281e+01
1,2,47,1.453,200,1,4.441406e+00
1,2,48,1.119,365,1,39
1,2,49,1.052,365,1,1.891797e+01
1,2,50,1.169,365,1,-6.636719e+00
1,2,51,0.919,365,1,1.741992e+02
1,2,52,1.369,860,1,2.718906e+02
1,2,53,1.269,200,1,-3.484375e+00
1,2,54,0.985,200,1,-5.078125e+00
1,2,55,1.336,860,1,5.894336e+02
1,2,56,1.686,365,1,2.655078e+01
1,2,57,2.271,530,1,2.033945e+02
1,2,58,1.169,530,1,1.636875e+02
1,2,59,1.252,695,1,-4.178438e+02
1,2,60,1.903,695,1,4.273594e+02
1,2,61,1.386,200,1,-9.347656e+00
1,2,62,1.119,695,1,-4.563359e+02
1,2,63,1.403,200,1,1.257812e+00
1,2,64,1.052,365,1,9.019531e+00
1,2,65,2.204,860,1,5.697188e+02
1,2,66,1.903,860,1,-4.881602e+02
1,2,67,1.019,530,1,1.859648e+02
1,2,68,1.703,200,1,8.566406e+00
1,2,69,1.353,365,1,1.318359e+02
1,2,70,1.486,530,1,2.348008e+02
1,2,71,1.152,695,1,-4.708320e+02
1,2,72,1.303,695,1,3.843203e+02
1,2,73,0.969,365,1,9.765625e+00
1,2,74,1.303,695,1,3.479219e+02
1,2,75,1.202,695,1,2.902969e+02
