Condition,Spread,Block,Trial,Delta,RT,Initial_x,Placed_x,Target_side,Speed,Success
2,1,1,1,640,8.690,-313,-4.732188e+02,-1,8,1
2,1,1,2,640,7.891,109,-6.419844e+02,-1,9,1
2,1,1,3,420,4.405,-128,2.418086e+02,-1,2,0
2,1,1,4,860,2.886,-80,-7.985234e+02,1,7,0
2,1,1,5,640,3.170,148,-7.442969e+01,1,9,1
2,1,1,6,200,3.120,29,3.085938e-01,-1,4,1
2,1,1,7,860,5.106,43,1.496016e+02,-1,8,0
2,1,1,8,200,4.472,-40,-1.290234e+01,1,7,1
2,1,1,9,200,2.753,38,-7.871094e+00,1,2,1
2,1,1,10,640,2.452,119,-1.272109e+02,1,6,0
2,1,1,11,200,1.868,-37,8.164062e+00,1,5,1
2,1,1,12,420,2.169,-82,2.194180e+02,-1,7,1
2,1,1,13,860,3.870,307,-1.139648e+02,1,7,0
2,1,1,14,420,2.185,-183,-1.147266e+01,1,3,0
2,1,1,15,860,2.286,-306,-4.583047e+02,1,3,0
2,1,1,16,420,2.669,163,-5.656250e+00,-1,9,1
2,1,1,17,200,2.469,8,9.375000e-01,-1,8,1
2,1,1,18,420,7.625,177,1.148047e+01,-1,3,0
2,1,1,19,860,3.153,192,5.519648e+02,1,5,1
2,1,1,20,860,2.269,179,-6.402305e+02,1,3,0
2,1,1,21,640,3.804,-77,1.326016e+02,-1,6,0
2,1,1,22,640,3.821,-91,-2.348438e+01,1,7,1
2,1,1,23,420,2.235,137,-9.589844e+00,-1,8,1
2,1,1,24,420,2.035,166,-9.859375e+00,-1,4,1
2,1,1,25,200,2.069,-98,-1.180469e+01,1,3,1
2,1,1,26,420,4.221,127,6.578125e+00,1,1,0
2,1,1,27,860,5.472,-353,-4.964062e+02,-1,3,0
2,1,1,28,640,9.494,313,-5.972383e+02,-1,8,1
2,1,1,29,860,12.263,-219,-7.496602e+02,1,4,0
2,1,1,30,200,4.505,59,-1.165625e+01,1,3,1
2,1,1,31,420,2.452,-199,7.429688e+00,-1,3,0
2,1,1,32,420,2.936,-93,-8.004297e+01,1,6,1
2,1,1,33,860,4.621,-284,2.123828e+02,1,2,0
2,1,1,34,200,3.353,-76,-1.605078e+01,1,2,1
2,1,1,35,640,1.868,-136,2.189062e+01,1,7,1
2,1,1,36,860,3.253,-251,-5.084492e+02,-1,4,1
2,1,1,37,420,2.035,66,-2.206250e+01,-1,4,1
2,1,1,38,420,2.135,117,-9.890234e+01,-1,6,1
2,1,1,39,640,2.252,293,-1.533594e+01,-1,5,0
2,1,1,40,640,2.736,-178,3.213398e+02,-1,6,0
2,1,1,41,860,1.935,260,5.115742e+02,-1,3,0
2,1,1,42,640,2.302,287,5.473828e+02,-1,7,0
2,1,1,43,860,2.386,-324,6.980039e+02,1,2,1
2,1,1,44,420,2.853,35,-2.796875e+00,1,8,1
2,1,1,45,860,3.587,350,-9.917188e+01,1,2,0
2,1,1,46,860,2.603,-52,6.514922e+02,1,8,1
2,1,1,47,860,3.854,419,-6.638125e+02,-1,4,1
2,1,1,48,200,2.936,49,-1.788281e+01,1,6,1
2,1,1,49,200,1.768,97,-1.246094e+01,1,9,1
2,1,1,50,640,2.135,315,4.074336e+02,-1,1,0
2,1,1,51,640,16.985,192,2.254102e+02,1,5,1
2,1,1,52,200,2.018,68,-1.545703e+01,1,8,1
2,1,1,53,640,14.365,-273,4.377227e+02,-1,4,0
2,1,1,54,200,15.501,88,-1.070312e+00,1,3,1
2,1,1,55,200,3.471,42,-1.945312e+00,-1,9,1
2,1,1,56,640,2.986,52,-4.744375e+02,-1,4,1
2,1,1,57,200,2.235,-68,5.066406e+00,-1,6,1
2,1,1,58,420,1.768,208,-8.988281e+01,1,6,1
2,1,1,59,200,1.818,91,-1.849609e+01,1,8,1
2,1,1,60,420,2.118,-153,-4.343750e+00,-1,2,0
2,10,2,1,860,3.243,308,-1.166523e+02,1,4,0
2,10,2,2,420,1.718,52,-3.689844e+01,1,6,1
2,10,2,3,420,2.469,97,-2.924609e+01,1,6,1
2,10,2,4,420,4.705,1,7.621094e+00,-1,6,1
2,10,2,5,640,3.554,-144,-8.096875e+01,-1,6,1
2,10,2,6,860,3.053,-114,-1.242344e+02,1,5,0
2,10,2,7,640,15.450,-217,5.247422e+02,1,4,1
2,10,2,8,420,4.004,-127,-2.430820e+02,-1,5,1
2,10,2,9,420,2.669,155,1.643750e+01,-1,5,1
2,10,2,10,200,2.452,33,-1.253125e+01,-1,5,1
2,10,2,11,860,2.819,396,6.918438e+02,-1,5,0
2,10,2,12,860,2.319,61,-6.785352e+02,-1,6,1
2,10,2,13,640,5.106,250,-1.433867e+02,1,5,0
2,10,2,14,860,2.586,-299,5.980117e+02,-1,3,0
2,10,2,15,200,5.489,31,-3.500000e+00,-1,4,1
2,10,2,16,200,4.338,11,-3.034766e+01,1,5,1
2,10,2,17,860,11.746,-102,-1.978516e+01,-1,5,0
2,10,2,18,420,3.637,-139,1.645312e+01,1,4,1
2,10,2,19,200,2.235,-45,-2.171875e+00,-1,6,1
2,10,2,20,420,2.135,-38,6.273438e+00,-1,4,1
2,10,2,21,420,2.786,-147,-5.945312e+00,-1,4,1
2,10,2,22,420,3.036,92,5.414062e+00,1,5,1
2,10,2,23,200,1.885,-100,-3.820312e+00,1,5,1
2,10,2,24,640,3.320,-33,-3.862500e+01,1,5,0
2,10,2,25,420,3.220,106,3.171875e+00,1,5,1
2,10,2,26,860,10.128,156,-6.802148e+02,-1,5,1
2,10,2,27,640,13.631,252,4.269922e+02,1,6,1
2,10,2,28,200,2.369,25,-3.156250e+00,1,6,1
2,10,2,29,200,2.068,-41,-2.687500e+01,1,6,1
2,10,2,30,420,4.805,130,1.371953e+02,1,6,1
2,10,2,31,420,4.605,-60,-2.710586e+02,-1,6,1
2,10,2,32,420,2.686,-75,-2.619727e+02,1,5,0
2,10,2,33,200,1.718,-1,-2.157812e+01,-1,4,1
2,10,2,34,200,1.551,-51,1.882031e+01,1,5,1
2,10,2,35,640,6.473,280,5.209297e+02,-1,5,0
2,10,2,36,860,7.825,-177,6.946602e+02,1,5,1
2,10,2,37,860,2.535,210,7.523672e+02,1,6,1
2,10,2,38,640,1.585,-248,-4.783398e+02,1,5,0
2,10,2,39,860,28.165,-363,-6.179102e+02,-1,4,1
2,10,2,40,420,14.650,-186,-1.949219e+00,-1,7,1
2,10,2,41,640,34.071,-9,4.139844e+02,1,5,1
2,10,2,42,860,5.056,-18,-6.833008e+02,-1,4,1
2,10,2,43,860,11.596,-116,8.003906e+00,-1,4,0
2,10,2,44,860,3.537,386,-6.755117e+02,1,5,0
2,10,2,45,200,2.703,-16,7.714844e+00,1,5,1
2,10,2,46,200,1.667,-29,-9.257812e+00,-1,5,1
2,10,2,47,200,1.718,76,-6.210938e-01,1,5,1
2,10,2,48,420,2.586,82,-1.375898e+02,-1,6,1
2,10,2,49,860,6.056,422,-6.660391e+02,1,5,0
2,10,2,50,200,3.003,96,-1.072656e+01,-1,5,1
2,10,2,51,860,3.270,139,6.615195e+02,1,5,1
2,10,2,52,640,2.102,-171,3.742734e+02,1,5,1
2,10,2,53,640,2.236,289,5.092695e+02,-1,6,0
2,10,2,54,640,3.654,-100,-4.704609e+02,-1,5,1
2,10,2,55,640,2.052,12,-3.572109e+02,-1,5,1
2,10,2,56,640,2.553,42,4.842930e+02,1,5,1
2,10,2,57,200,2.202,96,7.378906e+00,-1,4,1
2,10,2,58,200,1.618,-99,-1.503906e+00,-1,7,1
2,10,2,59,640,1.902,-115,-4.337773e+02,1,5,0
2,10,2,60,640,2.169,261,4.143008e+02,1,3,1
2,1000,3,1,860,9.066,188,-6.908203e+02,1,5,0
2,1000,3,2,420,7.057,-41,-3.761328e+01,-1,5,1
2,1000,3,3,860,2.119,95,-6.286992e+02,1,5,0
2,1000,3,4,420,3.136,119,-2.100078e+02,1,5,0
2,1000,3,5,200,1.484,-89,7.871094e+00,-1,5,1
2,1000,3,6,420,4.088,-35,6.824219e+00,-1,5,1
2,1000,3,7,860,3.303,16,-5.552578e+02,1,5,0
2,1000,3,8,200,1.468,50,-1.303125e+01,-1,5,1
2,1000,3,9,860,7.792,198,-6.751484e+02,1,5,0
2,1000,3,10,860,2.169,333,6.085547e+02,-1,5,0
2,1000,3,11,420,3.704,45,1.618359e+01,-1,5,1
2,1000,3,12,420,13.348,-123,-3.605469e+00,-1,5,1
2,1000,3,13,640,18.687,77,-5.117539e+02,-1,5,1
2,1000,3,14,640,6.340,197,-5.270781e+02,1,5,0
2,1000,3,15,420,1.868,-91,-8.867188e-01,1,5,1
2,1000,3,16,860,2.553,-257,6.512344e+02,1,5,1
2,1000,3,17,200,1.985,76,-1.136719e+01,-1,5,1
2,1000,3,18,200,1.568,-36,1.084766e+01,-1,5,1
2,1000,3,19,860,4.104,260,-6.291797e+02,-1,5,1
2,1000,3,20,420,3.403,-8,4.429688e+00,-1,5,1
2,1000,3,21,420,3.804,1,1.712500e+01,-1,5,1
2,1000,3,22,860,3.337,106,6.257656e+02,1,5,1
2,1000,3,23,420,4.055,169,-1.299219e+01,1,5,1
2,1000,3,24,640,6.807,233,-4.768008e+02,1,5,0
2,1000,3,25,420,2.419,199,-1.015234e+01,-1,5,1
2,1000,3,26,860,4.071,-343,-6.284805e+02,-1,5,1
2,1000,3,27,640,2.719,159,-4.232539e+02,-1,5,1
2,1000,3,28,420,2.002,143,9.335938e-01,-1,5,1
2,1000,3,29,200,2.185,-6,-2.194531e+01,1,5,1
2,1000,3,30,420,2.419,91,2.009375e+01,-1,5,1
2,1000,3,31,420,1.902,13,-1.714844e+00,1,5,1
2,1000,3,32,640,4.155,111,4.267812e+02,-1,5,0
2,1000,3,33,200,1.468,-80,1.024219e+01,1,5,1
2,1000,3,34,200,1.418,54,-1.375000e+01,-1,5,1
2,1000,3,35,860,2.202,-238,-5.345430e+02,1,5,0
2,1000,3,36,860,2.018,-118,-5.625469e+02,1,5,0
2,1000,3,37,860,2.403,-39,7.134375e+02,1,5,1
2,1000,3,38,200,1.685,-63,-9.140625e+00,-1,5,1
2,1000,3,39,640,3.637,85,5.264023e+02,-1,5,0
2,1000,3,40,640,2.119,-25,-5.063203e+02,1,5,0
2,1000,3,41,200,1.901,-44,1.812891e+01,1,5,1
2,1000,3,42,640,3.587,274,4.847188e+02,1,5,1
2,1000,3,43,200,2.619,-91,1.179688e+00,-1,5,1
2,1000,3,44,200,2.937,-10,5.339844e+00,-1,5,1
2,1000,3,45,200,1.651,-28,8.437500e-01,-1,5,1
2,1000,3,46,640,4.421,-62,-4.321094e+02,1,5,0
2,1000,3,47,200,2.169,-54,2.178125e+01,-1,5,1
2,1000,3,48,420,3.771,-136,4.851562e+01,-1,5,1
2,1000,3,49,640,4.321,-160,-3.748281e+02,-1,5,1
2,1000,3,50,640,2.319,110,-4.405625e+02,1,5,0
2,1000,3,51,640,9.510,16,3.535586e+02,-1,5,0
2,1000,3,52,200,3.470,63,-1.076953e+01,1,5,1
2,1000,3,53,420,2.569,84,2.753906e+01,-1,5,1
2,1000,3,54,860,3.620,-285,6.768789e+02,1,5,1
2,1000,3,55,640,10.695,-281,4.647617e+02,1,5,1
2,1000,3,56,200,2.452,94,-2.464062e+01,1,5,1
2,1000,3,57,640,7.658,237,-4.893164e+02,-1,5,1
2,1000,3,58,860,3.403,89,-6.366680e+02,-1,5,1
2,1000,3,59,640,3.320,79,4.724922e+02,-1,5,0
2,1000,3,60,860,2.069,-228,-6.443438e+02,1,5,0
