Spread,Block,Trial,Time_elapsed,Delta,click_num,Placed_x
1,1,1,3.239,420,1,-8.700781e+01
1,1,2,2.537,860,1,2.161094e+02
1,1,3,1.686,640,1,-2.636523e+02
1,1,4,1.920,200,1,5.125000e+00
1,1,5,1.653,860,1,2.711133e+02
1,1,6,2.003,420,1,-1.651211e+02
1,1,7,1.186,200,1,6.558594e+01
1,1,8,1.419,640,1,-1.500156e+02
1,1,8,2.921,640,2,-5.446484e+02
1,1,9,20.090,860,1,-5.386719e+01
1,1,9,26.080,860,2,-2.895977e+02
1,1,10,2.270,200,1,1.051172e+01
1,1,11,7.693,200,1,2.171875e+00
1,1,12,5.691,420,1,8.891016e+01
1,1,13,1.636,640,1,-2.319609e+02
1,1,14,0.918,420,1,2.371484e+01
1,1,15,0.918,640,1,-2.403086e+02
1,1,16,1.118,200,1,-4.023438e-01
1,1,17,1.052,420,1,-2.106992e+02
1,1,18,1.436,640,1,-4.363984e+02
1,1,19,0.885,200,1,1.750781e+01
1,1,19,1.302,200,2,8.832422e+01
1,1,20,0.952,420,1,-2.041367e+02
1,1,21,1.869,860,1,-7.896523e+02
1,1,22,1.151,420,1,3.403320e+02
1,1,23,1.085,640,1,5.458203e+02
1,1,24,0.935,420,1,-3.628047e+02
1,1,25,0.951,200,1,-1.467070e+02
1,1,26,2.621,200,1,-5.939062e+01
1,1,27,0.936,420,1,3.484297e+02
1,1,28,1.402,860,1,8.316523e+02
1,1,29,1.786,420,1,-3.579609e+02
1,1,30,1.135,420,1,-3.592773e+02
1,1,31,1.337,640,1,5.865703e+02
1,1,32,0.968,200,1,-1.544492e+02
1,1,33,1.018,860,1,-8.019453e+02
1,1,34,1.085,420,1,3.653320e+02
1,1,35,1.152,860,1,-7.942617e+02
1,1,36,2.504,860,1,-8.273086e+02
1,1,37,2.270,860,1,-7.857109e+02
1,1,38,0.951,640,1,5.461172e+02
1,1,39,1.319,200,1,-1.430977e+02
1,1,40,1.803,860,1,7.961914e+02
1,1,42,1.119,200,1,-1.338945e+02
1,1,43,1.019,420,1,-3.511914e+02
1,1,44,1.035,640,1,-5.662344e+02
1,1,45,1.603,200,1,1.253359e+02
1,1,46,2.937,860,1,7.537461e+02
1,1,47,1.169,860,1,-7.997031e+02
1,1,48,1.936,640,1,5.892070e+02
1,1,49,1.002,420,1,3.107578e+02
1,1,50,0.885,200,1,-1.410273e+02
1,1,51,1.619,640,1,5.538555e+02
1,1,52,1.051,200,1,8.433984e+01
1,1,53,1.035,860,1,-7.850977e+02
1,1,54,0.918,640,1,5.634531e+02
1,1,55,1.469,640,1,5.907930e+02
1,1,56,1.219,200,1,1.544102e+02
1,1,57,0.918,640,1,4.651641e+02
1,1,58,0.969,640,1,4.871523e+02
1,1,59,1.303,420,1,2.664336e+02
1,1,60,0.819,860,1,-5.874219e+02
10,2,1,1.334,200,1,-1.473828e+01
10,2,1,2.919,200,2,-5.652344e+00
10,2,2,1.552,420,1,-3.596523e+02
10,2,3,1.869,860,1,7.660586e+02
10,2,4,9.344,860,1,-7.709531e+02
10,2,5,1.803,420,1,-3.269453e+02
10,2,6,1.135,200,1,1.077344e+01
10,2,7,1.202,420,1,-1.744531e+01
10,2,8,1.068,200,1,7.710938e+00
10,2,9,1.068,640,1,-2.610508e+02
10,2,10,1.052,200,1,1.460156e+01
10,2,11,0.819,420,1,-7.527344e+00
10,2,12,0.902,200,1,1.560938e+01
10,2,13,1.286,860,1,-5.478359e+02
10,2,14,0.818,200,1,-9.203125e+00
10,2,15,1.319,860,1,7.203281e+02
10,2,16,2.020,640,1,-1.929297e+02
10,2,17,1.970,640,1,-3.119688e+02
10,2,18,1.369,860,1,-7.008516e+02
10,2,19,0.935,200,1,8.832031e+00
10,2,20,0.835,200,1,8.425781e+00
10,2,21,0.802,420,1,-1.131445e+02
10,2,22,1.236,420,1,9.232422e+01
10,2,23,1.152,640,1,2.973711e+02
10,2,24,1.068,640,1,-4.581602e+02
10,2,25,1.252,640,1,-4.829453e+02
10,2,26,0.785,640,1,-4.767734e+02
10,2,27,1.235,640,1,-4.456484e+02
10,2,28,1.920,860,1,-8.364180e+02
10,2,29,5.039,420,1,-3.958203e+01
10,2,30,4.873,200,1,-7.659766e+01
10,2,31,3.071,860,1,-6.168828e+02
10,2,32,1.235,420,1,1.489453e+01
10,2,33,1.186,860,1,-7.165078e+02
10,2,34,1.186,640,1,-4.729766e+02
10,2,35,1.135,200,1,2.304297e+01
10,2,36,2.303,860,1,6.203203e+02
10,2,37,1.319,420,1,5.675781e+00
10,2,38,0.952,200,1,3.140625e+00
10,2,39,1.469,640,1,-2.358711e+02
10,2,40,1.302,640,1,3.708242e+02
10,2,41,1.118,640,1,-4.534453e+02
10,2,42,1.102,860,1,-5.042578e+02
10,2,43,1.135,200,1,-8.046875e-01
10,2,44,1.419,860,1,-8.251562e+02
10,2,45,1.636,640,1,-6.531562e+02
10,2,45,2.771,640,2,-6.045391e+02
10,2,45,3.806,640,3,-5.564570e+02
10,2,46,1.419,860,1,7.505273e+02
10,2,47,1.236,200,1,5.664062e+00
10,2,48,1.235,420,1,-9.648438e+00
10,2,49,1.102,420,1,-1.212500e+01
10,2,50,2.086,420,1,-1.187891e+01
10,2,51,1.236,420,1,-2.319531e+01
10,2,52,1.469,860,1,-7.342852e+02
10,2,53,1.369,860,1,7.504766e+02
10,2,54,1.937,640,1,5.215703e+02
10,2,55,1.302,200,1,-4.500000e+00
10,2,56,1.119,420,1,-2.975000e+02
10,2,57,1.469,640,1,-5.139727e+02
10,2,57,2.587,640,2,-5.520312e+02
10,2,58,1.486,860,1,-7.251953e+02
10,2,59,0.885,200,1,-7.421875e-02
10,2,60,0.834,420,1,-4.921875e+00
1000,3,1,3.136,640,1,-3.409883e+02
1000,3,2,1.703,860,1,7.822148e+02
1000,3,3,1.102,640,1,-5.663320e+02
1000,3,4,1.319,420,1,1.910156e+00
1000,3,5,1.352,860,1,-7.689375e+02
1000,3,6,1.252,860,1,-7.674688e+02
1000,3,7,1.236,860,1,-7.966875e+02
1000,3,8,1.318,200,1,-4.988281e+00
1000,3,9,1.118,860,1,-7.889727e+02
1000,3,10,1.019,420,1,2.860352e+02
1000,3,11,0.835,420,1,-3.137344e+02
1000,3,12,1.236,860,1,-7.794102e+02
1000,3,13,2.621,640,1,-5.870430e+02
1000,3,14,1.285,860,1,7.509023e+02
1000,3,15,1.236,860,1,7.869570e+02
1000,3,16,1.185,420,1,-1.477734e+01
1000,3,17,1.052,640,1,-2.711133e+02
1000,3,18,1.036,200,1,6.316406e+00
1000,3,19,1.068,420,1,-7.570312e+00
1000,3,20,0.985,420,1,-1.417578e+01
1000,3,21,1.068,200,1,-9.421875e+00
1000,3,22,1.219,860,1,-6.662070e+02
1000,3,23,1.052,200,1,1.536719e+01
1000,3,24,0.902,200,1,-2.875000e+00
1000,3,25,1.754,640,1,-2.748906e+02
1000,3,26,1.069,420,1,1.652734e+01
1000,3,27,1.135,420,1,-3.026953e+01
1000,3,28,1.152,640,1,-3.795625e+02
1000,3,29,1.035,420,1,1.726562e+00
1000,3,30,0.885,200,1,-1.567969e+01
1000,3,31,0.802,420,1,-1.943359e+01
1000,3,32,0.935,640,1,-3.868867e+02
1000,3,32,1.770,640,2,4.575938e+02
1000,3,33,1.186,420,1,-6.800781e+00
1000,3,34,1.402,200,1,1.319141e+01
1000,3,35,0.835,420,1,-2.988672e+01
1000,3,36,0.852,200,1,-1.293359e+01
1000,3,37,1.152,640,1,-4.612539e+02
1000,3,38,1.102,200,1,7.839844e+00
1000,3,39,0.718,200,1,2.929688e+00
1000,3,40,0.986,640,1,-5.526484e+02
1000,3,41,0.852,200,1,-3.671875e+00
1000,3,42,0.985,200,1,-8.574219e+00
1000,3,43,0.818,200,1,6.535156e+00
1000,3,44,0.785,200,1,-1.988281e+01
1000,3,45,0.785,200,1,-1.208594e+01
1000,3,46,1.152,860,1,-7.665000e+02
1000,3,47,1.636,640,1,-5.161602e+02
1000,3,48,0.801,640,1,-5.072031e+02
1000,3,49,1.269,860,1,-8.001914e+02
1000,3,50,0.852,640,1,4.920859e+02
1000,3,51,1.135,860,1,-7.459531e+02
1000,3,52,1.069,860,1,-7.762773e+02
1000,3,53,1.335,640,1,4.852344e+02
1000,3,54,1.102,420,1,3.187500e+00
1000,3,55,0.802,640,1,-4.442109e+02
1000,3,56,0.935,420,1,7.816406e+00
1000,3,56,1.335,420,2,-9.832031e+00
1000,3,57,1.235,860,1,-7.870234e+02
1000,3,58,13.349,860,1,-7.938281e+02
1000,3,59,27.932,420,1,-2.818359e+02
1000,3,59,28.065,420,2,-3.499414e+02
1000,3,60,0.602,640,1,-5.482422e+01
1000,3,60,1.069,640,2,-3.926250e+02
1000,3,60,1.720,640,3,-5.180078e+02
