Spread,Block,Trial,Time_elapsed,Delta,click_num,Placed_x
10000,1,1,11.830,640,1,-4.751016e+02
10000,1,2,26.018,640,1,4.994336e+02
10000,1,3,17.968,200,1,-7.164062e+00
10000,1,4,12.451,640,1,2.855156e+02
10000,1,5,3.318,200,1,5.500000e+00
10000,1,6,1.935,200,1,-2.951953e+01
10000,1,7,2.435,200,1,-1.535547e+01
10000,1,8,5.551,640,1,-1.523984e+02
10000,1,9,5.502,640,1,-1.395977e+02
10000,1,10,8.934,860,1,-4.111172e+02
10000,1,11,2.801,420,1,-5.141797e+01
10000,1,12,1.685,200,1,-1.410156e+00
10000,1,13,5.452,640,1,4.296875e+00
10000,1,13,6.835,640,2,7.270312e+01
10000,1,14,3.001,860,1,2.694844e+02
10000,1,15,1.585,420,1,-3.067578e+01
10000,1,16,1.434,420,1,-2.355469e+01
10000,1,17,3.968,860,1,-3.726289e+02
10000,1,18,2.051,420,1,5.796875e+00
10000,1,19,2.868,860,1,6.685742e+02
10000,1,20,1.884,640,1,-4.555859e+01
10000,1,20,5.651,640,2,-3.084766e+01
10000,1,21,1.218,200,1,-1.326172e+01
10000,1,22,2.251,640,1,3.376172e+01
10000,1,23,2.034,640,1,-6.666016e+01
10000,1,23,2.718,640,2,-9.282031e+01
10000,1,23,3.334,640,3,-1.288438e+02
10000,1,23,5.251,640,4,1.856172e+02
10000,1,24,2.151,420,1,-1.242578e+01
10000,1,25,1.018,420,1,-4.866797e+01
10000,1,26,4.551,860,1,5.267031e+02
10000,1,27,1.300,640,1,1.977070e+02
10000,1,27,2.150,640,2,6.719141e+01
10000,1,27,3.151,640,3,5.469141e+01
10000,1,27,3.667,640,4,3.558203e+01
10000,1,27,4.168,640,5,1.341797e+01
10000,1,27,4.851,640,6,2.015625e+00
10000,1,27,5.768,640,7,6.679688e-01
10000,1,27,6.251,640,8,1.855469e+00
10000,1,27,10.135,640,9,1.375039e+02
10000,1,27,11.900,640,10,1.856797e+02
10000,1,28,1.334,420,1,8.113281e+00
10000,1,29,2.652,860,1,4.717539e+02
10000,1,30,1.201,420,1,7.380859e+01
10000,1,31,1.852,860,1,-3.580117e+02
10000,1,31,2.435,860,2,-4.354961e+02
10000,1,31,3.002,860,3,-4.634219e+02
10000,1,31,3.501,860,4,-5.287344e+02
10000,1,31,5.452,860,5,5.419414e+02
10000,1,32,1.451,420,1,-1.785156e+01
10000,1,33,1.251,640,1,-8.236719e+01
10000,1,33,1.902,640,2,-1.073711e+02
10000,1,33,2.585,640,3,-6.326172e+01
10000,1,33,3.435,640,4,-8.271094e+01
10000,1,33,4.068,640,5,-2.538672e+02
10000,1,34,1.151,200,1,-2.403906e+01
10000,1,35,1.634,200,1,-1.203008e+02
10000,1,36,1.135,640,1,-2.636953e+02
10000,1,36,1.951,640,2,-2.918398e+02
10000,1,37,1.251,860,1,-6.285781e+02
10000,1,37,2.401,860,2,7.011992e+02
10000,1,38,1.035,200,1,-3.152344e+00
10000,1,39,1.284,640,1,4.077070e+02
10000,1,39,3.283,640,2,1.105469e+00
10000,1,39,6.084,640,3,-3.547383e+02
10000,1,40,0.852,200,1,-2.704297e+01
10000,1,41,2.469,640,1,-4.909844e+02
10000,1,42,0.885,200,1,3.775391e+01
10000,1,43,1.501,200,1,-1.171641e+02
10000,1,44,2.818,860,1,-4.976797e+02
10000,1,45,1.268,200,1,1.914062e+01
10000,1,46,1.601,640,1,-2.495781e+02
10000,1,47,2.718,860,1,-5.409883e+02
10000,1,48,2.168,420,1,-1.081875e+02
10000,1,48,3.084,420,2,2.173125e+02
10000,1,49,1.434,860,1,6.193398e+02
10000,1,50,1.635,860,1,-4.342500e+02
10000,1,51,1.718,860,1,5.620391e+02
10000,1,51,2.768,860,2,-7.160234e+02
10000,1,52,1.201,420,1,-6.204688e+01
10000,1,53,1.101,420,1,-1.314609e+02
10000,1,54,1.434,200,1,-4.219922e+01
10000,1,55,1.384,860,1,-5.499609e+02
10000,1,56,0.984,420,1,1.946250e+02
10000,1,57,1.219,860,1,-6.613672e+02
10000,1,58,1.002,420,1,1.967109e+02
10000,1,59,1.202,200,1,-2.372266e+01
10000,1,60,0.952,420,1,-2.082812e+02
1,2,1,2.604,200,1,-5.765625e+01
1,2,1,4.170,200,2,-1.766406e+01
1,2,2,2.784,640,1,3.949336e+02
1,2,3,1.718,860,1,7.073320e+02
1,2,3,3.934,860,2,-6.569375e+02
1,2,3,4.585,860,3,-7.107031e+02
1,2,4,1.051,200,1,-3.046875e+00
1,2,5,1.218,860,1,7.585664e+02
1,2,6,1.367,860,1,-6.660742e+02
1,2,7,1.251,420,1,-1.039062e+00
1,2,8,1.302,860,1,1.443203e+02
1,2,8,2.452,860,2,3.067383e+02
1,2,9,1.135,200,1,-4.414062e-01
1,2,9,3.735,200,2,-4.578516e+01
1,2,9,4.618,200,3,-3.363672e+01
1,2,10,1.301,200,1,-3.024219e+01
1,2,10,2.100,200,2,-3.773438e+01
1,2,11,1.651,640,1,-2.332773e+02
1,2,11,2.718,640,2,1.357773e+02
1,2,11,3.217,640,3,1.875508e+02
1,2,11,3.767,640,4,1.549570e+02
1,2,12,1.234,200,1,-9.160156e+00
1,2,13,1.484,420,1,-2.308125e+02
1,2,13,4.718,420,2,-2.641016e+02
1,2,13,5.251,420,3,-2.837188e+02
1,2,14,3.001,860,1,7.246836e+02
1,2,15,1.567,420,1,-3.919531e+01
1,2,15,2.383,420,2,-4.235938e+01
1,2,15,2.984,420,3,-5.822266e+01
1,2,15,3.335,420,4,-6.924219e+01
1,2,15,3.901,420,5,-8.822266e+01
1,2,16,2.534,860,1,3.397773e+02
1,2,16,3.134,860,2,2.970195e+02
1,2,16,4.451,860,3,-4.573320e+02
1,2,16,5.117,860,4,-4.502070e+02
1,2,16,5.617,860,5,-4.799219e+02
1,2,16,6.068,860,6,-5.363398e+02
1,2,16,6.518,860,7,-5.681523e+02
1,2,17,1.617,860,1,-6.078164e+02
1,2,17,2.168,860,2,-6.500508e+02
1,2,17,2.634,860,3,-6.852188e+02
1,2,17,2.984,860,4,-730
1,2,18,1.351,420,1,-7.119922e+01
1,2,18,2.250,420,2,-8.035156e+00
1,2,18,2.668,420,3,-6.843750e+00
1,2,19,1.168,200,1,-5.627734e+01
1,2,19,1.651,200,2,-3.053125e+01
1,2,20,1.301,200,1,-6.793359e+01
1,2,20,1.734,200,2,-8.780469e+01
1,2,21,1.151,860,1,-2.061992e+02
1,2,21,1.768,860,2,4.856289e+02
1,2,21,2.185,860,3,2.286211e+02
1,2,21,2.701,860,4,3.384102e+02
1,2,21,3.001,860,5,4.079727e+02
1,2,21,3.268,860,6,4.574414e+02
1,2,21,3.551,860,7,4.574414e+02
1,2,22,1.601,640,1,1.029766e+02
1,2,22,2.034,640,2,4.715625e+01
1,2,22,2.368,640,3,8.785156e+00
1,2,22,2.985,640,4,5.099219e+01
1,2,22,3.918,640,5,1.868750e+01
1,2,22,4.618,640,6,1.973438e+01
1,2,23,1.201,860,1,3.422773e+02
1,2,23,1.534,860,2,3.422773e+02
1,2,23,2.317,860,3,-5.796406e+02
1,2,23,2.617,860,4,-5.010430e+02
1,2,23,2.951,860,5,-4.621211e+02
1,2,24,1.301,640,1,-7.569922e+01
1,2,24,1.818,640,2,-1.925352e+02
1,2,25,1.401,860,1,-4.696641e+02
1,2,25,1.835,860,2,-5.553242e+02
1,2,26,1.118,200,1,-4.421875e+00
1,2,27,1.201,860,1,1.701484e+02
1,2,27,2.117,860,2,5.517266e+02
1,2,28,0.818,640,1,2.474609e+01
1,2,28,1.235,640,2,3.996719e+02
1,2,28,1.868,640,3,-2.176914e+02
1,2,28,2.418,640,4,-3.674258e+02
1,2,29,2.384,640,1,-1.192461e+02
1,2,30,1.418,200,1,-3.078906e+01
1,2,30,2.118,200,2,-4.717969e+01
1,2,30,2.818,200,3,-5.882422e+01
1,2,31,0.901,200,1,-1.736719e+01
1,2,32,1.068,420,1,2.132383e+02
1,2,33,1.034,420,1,-1.014766e+02
1,2,33,2.168,420,2,-1.288164e+02
1,2,34,1.018,200,1,-3.672656e+01
1,2,35,1.335,860,1,5.459219e+02
1,2,35,1.802,860,2,6.256250e+02
1,2,36,0.968,200,1,-1.275781e+01
1,2,37,0.834,200,1,1.847266e+01
1,2,38,1.168,640,1,-4.071992e+02
1,2,39,1.301,420,1,-8.383984e+01
1,2,40,1.051,420,1,-1.068906e+02
1,2,40,1.634,420,2,1.833594e+01
1,2,41,1.601,860,1,3.949570e+02
1,2,42,0.951,640,1,-6.021094e+01
1,2,42,1.368,640,2,-8.205469e+01
1,2,43,1.052,420,1,-8.867969e+01
1,2,44,1.133,640,1,-2.748867e+02
1,2,44,2.601,640,2,-2.092500e+02
1,2,45,1.284,200,1,-2.805078e+01
1,2,45,1.767,200,2,-5.451953e+01
1,2,46,2.185,420,1,-3.954688e+01
1,2,46,2.717,420,2,-4.156250e+00
1,2,46,3.018,420,3,1.514062e+01
1,2,46,4.101,420,4,5.077344e+01
1,2,47,1.285,640,1,-1.020938e+02
1,2,47,2.751,640,2,3.914453e+01
1,2,47,3.101,640,3,7.186719e+01
1,2,47,3.434,640,4,1.046094e+02
1,2,47,3.734,640,5,1.279297e+02
1,2,48,1.068,420,1,4.152344e+00
1,2,48,1.567,420,2,8.224609e+01
1,2,49,1.284,640,1,3.276133e+02
1,2,50,1.185,640,1,5.775391e+01
1,2,50,1.701,640,2,6.467188e+01
1,2,50,2.135,640,3,6.624219e+01
1,2,51,1.251,420,1,1.779766e+02
1,2,52,0.951,860,1,3.638672e+02
1,2,52,1.934,860,2,-5.633789e+02
1,2,53,1.084,200,1,-8.703125e+00
1,2,54,1.184,640,1,-2.889102e+02
1,2,55,1.651,420,1,1.456797e+02
1,2,56,1.484,640,1,-3.619570e+02
1,2,57,0.951,420,1,-9.996094e+00
1,2,57,1.501,420,2,1.126641e+02
1,2,58,2.168,640,1,-3.648828e+01
1,2,58,2.685,640,2,-9.591016e+01
1,2,59,1.518,860,1,-6.879844e+02
1,2,60,1.201,420,1,-5.012109e+01
1,2,60,1.734,420,2,-8.021484e+01
