Spread,Block,Trial,Time_elapsed,Delta,click_num,Placed_x
10000,1,1,4.762,860,1,-8.331133e+02
10000,1,1,7.661,860,2,-5.316836e+02
10000,1,1,13.179,860,3,-7.143320e+02
10000,1,1,29.763,860,4,-8.105781e+02
10000,1,1,38.197,860,5,-1.512031e+02
10000,1,1,39.829,860,6,8.105391e+02
10000,1,2,2.917,860,1,7.903242e+02
10000,1,3,8.551,200,1,-4.092578e+01
10000,1,3,10.567,200,2,-1.184766e+02
10000,1,4,8.651,640,1,-5.130820e+02
10000,1,4,9.834,640,2,-5.467695e+02
10000,1,5,2.732,420,1,-2.217969e+01
10000,1,5,3.549,420,2,-2.606641e+01
10000,1,5,4.799,420,3,-1.787500e+01
10000,1,5,6.332,420,4,-1.640234e+01
10000,1,6,2.631,640,1,4.105469e+00
10000,1,6,3.565,640,2,6.476562e+00
10000,1,6,4.466,640,3,1.257969e+02
10000,1,7,2.601,420,1,2.753320e+02
10000,1,7,3.717,420,2,2.737500e+02
10000,1,8,2.834,860,1,-7.937266e+02
10000,1,9,1.701,200,1,6.950781e+01
10000,1,10,1.650,640,1,3.905898e+02
10000,1,10,11.467,640,2,4.453125e+02
10000,1,11,11.118,860,1,-7.528047e+02
10000,1,12,2.501,200,1,-5.185938e+01
10000,1,13,1.917,200,1,9.890234e+01
10000,1,14,2.551,420,1,2.018867e+02
10000,1,15,13.185,200,1,-9.078125e+01
10000,1,16,1.901,420,1,2.133633e+02
10000,1,16,29.285,420,2,-2.230469e+02
10000,1,17,20.251,860,1,-3.321328e+02
10000,1,17,21.052,860,2,-3.250391e+02
10000,1,17,22.801,860,3,-3.307656e+02
10000,1,18,19.735,860,1,2.641016e+01
10000,1,19,5.901,420,1,-1.172773e+02
10000,1,20,3.118,420,1,7.678125e+01
10000,1,21,1.784,420,1,-2.022930e+02
10000,1,22,2.319,420,1,9.706641e+01
10000,1,23,27.418,860,1,4.273984e+02
10000,1,24,3.834,420,1,-1.305195e+02
10000,1,25,2.484,860,1,-3.878789e+02
10000,1,26,2.168,640,1,4.155742e+02
10000,1,27,2.485,200,1,-9.417969e+00
10000,1,28,1.784,200,1,5.194922e+01
10000,1,29,1.551,420,1,2.677930e+02
10000,1,30,2.018,200,1,1.037109e+02
10000,1,31,1.868,420,1,-3.036992e+02
10000,1,32,1.851,640,1,-3.320078e+02
10000,1,33,3.718,860,1,-4.826914e+02
10000,1,34,1.784,640,1,3.443398e+02
10000,1,35,1.851,640,1,1.824609e+02
10000,1,35,2.484,640,2,2.629102e+02
10000,1,35,4.101,640,3,3.019688e+02
10000,1,36,3.051,200,1,-9.552734e+01
10000,1,37,5.201,860,1,-4.375273e+02
10000,1,37,9.252,860,2,-5.328047e+02
10000,1,37,10.135,860,3,-5.705117e+02
10000,1,38,2.351,200,1,3.839062e+01
10000,1,39,1.434,200,1,-8.597656e+01
10000,1,40,7.618,640,1,5.577617e+02
10000,1,41,2.734,640,1,5.918750e+02
10000,1,41,3.818,640,2,5.453828e+02
10000,1,41,4.734,640,3,5.981641e+02
10000,1,42,2.701,860,1,7.753516e+02
10000,1,42,4.768,860,2,-7.849688e+02
10000,1,43,3.751,640,1,5.562188e+02
10000,1,44,2.334,640,1,-5.406211e+02
10000,1,45,3.901,640,1,-4.208242e+02
10000,1,46,3.968,860,1,-4.703594e+02
10000,1,47,2.383,200,1,-5.382422e+01
10000,1,48,2.901,420,1,3.676133e+02
10000,1,49,2.501,640,1,-4.136016e+02
10000,1,50,3.017,640,1,4.130781e+02
10000,1,51,2.235,200,1,-5.865625e+01
10000,1,52,1.684,200,1,8.889062e+01
10000,1,53,2.034,420,1,-2.169453e+02
10000,1,54,4.368,200,1,9.536328e+01
10000,1,55,2.118,420,1,-1.852500e+02
10000,1,56,2.901,860,1,6.058086e+02
10000,1,57,2.051,640,1,4.113633e+02
10000,1,58,3.134,860,1,-6.384609e+02
10000,1,59,3.501,860,1,6.862227e+02
10000,1,60,2.501,420,1,2.798945e+02
1,2,1,5.942,200,1,8.004297e+01
1,2,1,7.092,200,2,-9.842578e+01
1,2,2,3.351,200,1,8.820312e+00
1,2,2,4.585,200,2,-2.800781e+01
1,2,3,2.985,640,1,3.576641e+02
1,2,4,2.401,200,1,1.398594e+02
1,2,4,3.500,200,2,9.392578e+01
1,2,4,4.268,200,3,5.027344e+01
1,2,5,3.985,640,1,-4.441562e+02
1,2,5,4.717,640,2,-4.806641e+02
1,2,6,4.851,860,1,3.870273e+02
1,2,6,6.018,860,2,4.293398e+02
1,2,7,2.051,640,1,3.838203e+02
1,2,7,2.817,640,2,2.103086e+02
1,2,7,3.451,640,3,1.420586e+02
1,2,8,1.401,420,1,-2.289102e+02
1,2,9,2.151,200,1,-9.019531e+00
1,2,10,2.401,200,1,-3.700391e+01
1,2,11,1.884,420,1,1.998867e+02
1,2,12,6.168,860,1,6.255078e+02
1,2,13,2.167,640,1,3.378906e+02
1,2,14,2.351,860,1,-4.622617e+02
1,2,15,4.701,860,1,-6.775781e+02
1,2,16,1.935,200,1,-7.482422e+01
1,2,17,2.884,640,1,-2.788984e+02
1,2,18,1.684,860,1,-6.299883e+02
1,2,19,2.568,420,1,-1.206406e+02
1,2,19,3.168,420,2,-1.606797e+02
1,2,20,1.484,640,1,2.825078e+02
1,2,21,1.434,200,1,-1.913672e+01
1,2,22,1.668,420,1,-1.277188e+02
1,2,23,2.283,420,1,5.025391e+01
1,2,24,1.884,420,1,-1.852695e+02
1,2,25,1.834,420,1,-8.839062e+01
1,2,26,2.868,420,1,1.310312e+02
1,2,27,2.801,200,1,4.273828e+01
1,2,27,3.818,200,2,8.760547e+01
1,2,28,2.785,640,1,-1.838828e+02
1,2,29,1.751,200,1,2.215234e+01
1,2,29,2.934,200,2,6.319141e+01
1,2,30,2.718,860,1,-4.899414e+02
1,2,30,4.784,860,2,6.827578e+02
1,2,30,5.284,860,3,5.499414e+02
1,2,31,2.534,420,1,-2.021094e+02
1,2,32,1.518,420,1,-9.319141e+01
1,2,32,2.301,420,2,-1.507188e+02
1,2,33,1.784,420,1,-1.975898e+02
1,2,34,2.084,860,1,-5.488281e+02
1,2,35,3.451,860,1,6.046602e+02
1,2,36,2.001,860,1,6.259766e+02
1,2,37,1.601,420,1,-1.644570e+02
1,2,38,1.835,200,1,-8.926562e+01
1,2,39,2.235,200,1,1.468203e+02
1,2,40,2.184,200,1,-1.298828e+02
1,2,41,2.118,640,1,3.528516e+02
1,2,41,3.201,640,2,3.957930e+02
1,2,42,1.868,200,1,1.636719e+00
1,2,43,1.884,420,1,1.476680e+02
1,2,44,2.017,640,1,-4.342188e+02
1,2,45,3.068,860,1,-5.411250e+02
1,2,46,2.284,200,1,-7.538672e+01
1,2,47,1.700,860,1,6.715625e+02
1,2,48,2.851,420,1,-3.127969e+02
1,2,48,3.518,420,2,-2.682109e+02
1,2,49,2.484,640,1,-4.275234e+02
1,2,50,2.651,640,1,-4.125430e+02
1,2,51,3.584,640,1,-3.743398e+02
1,2,52,2.135,420,1,2.436641e+02
1,2,53,1.751,640,1,3.121055e+02
1,2,54,4.001,860,1,6.650664e+02
1,2,55,2.618,640,1,3.867266e+02
1,2,56,1.750,860,1,-3.328516e+02
1,2,57,2.785,860,1,-5.012695e+02
1,2,58,2.918,860,1,3.855508e+02
1,2,58,3.468,860,2,5.345547e+02
1,2,59,2.167,640,1,-3.867148e+02
1,2,60,1.417,200,1,8.892578e+01
