Condition,Spread,Block,Trial,Delta,RT,Initial_x,Placed_x,Target_side,Speed,Success
2,1,1,1,860,10.294,223,-7.738047e+02,1,8,0
2,1,1,2,640,4.965,27,-5.544297e+02,-1,7,1
2,1,1,3,640,2.500,-128,5.617031e+02,1,2,1
2,1,1,4,200,2.250,-2,-1.568086e+02,1,8,1
2,1,1,5,640,2.900,-109,5.650664e+02,1,6,1
2,1,1,6,420,2.450,198,-1.706680e+02,-1,6,1
2,1,1,7,860,3.267,300,7.903555e+02,1,2,1
2,1,1,8,640,2.283,214,-4.686680e+02,-1,1,0
2,1,1,9,200,2.617,64,7.375000e+00,-1,7,1
2,1,1,10,640,3.783,72,5.981758e+02,-1,8,0
2,1,1,11,420,2.383,-173,-3.488750e+02,1,2,0
2,1,1,12,200,2.233,88,-1.096836e+02,1,7,1
2,1,1,13,420,2.500,-34,-3.203906e+02,-1,6,1
2,1,1,14,860,2.717,301,7.698164e+02,1,1,1
2,1,1,15,640,2.267,130,5.893164e+02,1,2,1
2,1,1,16,420,2.400,-128,-2.548828e+01,1,8,1
2,1,1,17,860,2.500,-189,-7.632500e+02,1,7,0
2,1,1,18,860,2.717,412,-7.205820e+02,-1,3,1
2,1,1,19,200,2.300,-25,5.468750e+00,-1,3,1
2,1,1,20,200,2.450,1,7.621094e+00,1,6,1
2,1,1,21,860,3.467,-198,-7.538047e+02,1,7,0
2,1,1,22,860,2.850,-66,7.509727e+02,-1,5,0
2,1,1,23,420,2.517,57,-2.276250e+02,1,4,0
2,1,1,24,420,2.517,115,-4.969531e+01,-1,2,0
2,1,1,25,200,2.100,21,-3.347656e+00,1,5,1
2,1,1,26,200,2.533,-66,-5.167969e+00,1,4,1
2,1,1,27,200,2.033,26,1.184375e+01,1,5,1
2,1,1,28,640,2.383,-38,-5.493906e+02,1,7,0
2,1,1,29,200,1.800,54,-1.875000e+00,1,4,1
2,1,1,30,200,1.950,-6,1.734375e+00,-1,9,1
2,1,1,31,640,2.217,299,5.441758e+02,1,3,1
2,1,1,32,640,2.033,-215,-5.371250e+02,1,5,0
2,1,1,33,420,2.083,-9,-2.635430e+02,1,3,0
2,1,1,34,860,2.383,170,-7.809023e+02,1,5,0
2,1,1,35,420,2.017,-57,-7.153125e+01,-1,7,1
2,1,1,36,860,1.967,171,6.488281e+02,1,5,1
2,1,1,37,200,1.600,33,-9.683594e+00,1,1,0
2,1,1,38,420,2.417,208,3.371914e+02,1,9,1
2,1,1,39,420,2.150,-157,-3.517383e+02,1,9,1
2,1,1,40,640,3.917,-44,5.424961e+02,1,8,1
2,1,1,41,420,2.250,-179,-3.586523e+02,1,3,0
2,1,1,42,860,2.300,425,7.415234e+02,-1,5,0
2,1,1,43,200,1.783,-80,4.636719e+00,-1,6,1
2,1,1,44,860,1.783,252,-7.308203e+02,-1,4,1
2,1,1,45,200,2.167,89,-2.240625e+01,1,1,0
2,1,1,46,860,2.600,-52,5.917031e+02,1,5,1
2,1,1,47,860,2.817,14,762,1,6,1
2,1,1,48,860,1.950,-88,7.897617e+02,-1,9,0
2,1,1,49,420,2.583,146,-1.927773e+02,-1,4,1
2,1,1,50,640,1.917,280,-5.027109e+02,-1,4,1
2,1,1,51,420,2.033,-199,-3.465000e+02,-1,6,1
2,1,1,52,860,1.733,22,7.950938e+02,1,1,1
2,1,1,53,640,3.200,315,5.452734e+02,1,4,1
2,1,1,54,640,2.117,-10,5.900508e+02,1,6,1
2,1,1,55,420,2.467,5,-1.706523e+02,1,3,0
2,1,1,56,640,2.217,-57,-4.675156e+02,1,7,0
2,1,1,57,200,1.767,71,7.246094e+00,1,3,1
2,1,1,58,200,1.617,10,-3.641797e+01,-1,3,1
2,1,1,59,640,1.850,-67,-5.573906e+02,1,2,0
2,1,1,60,420,1.933,155,-3.104609e+02,1,7,1
2,10000,2,1,420,5.024,14,7.761719e+00,1,5,1
2,10000,2,2,640,3.300,288,-5.733047e+02,1,5,0
2,10000,2,3,860,2.717,-265,7.551211e+02,1,5,1
2,10000,2,4,200,1.750,99,1.202734e+01,1,5,1
2,10000,2,5,200,1.683,53,1.188672e+01,-1,5,1
2,10000,2,6,420,1.967,107,-4.042969e+00,-1,5,1
2,10000,2,7,640,2.050,-132,-4.796406e+02,-1,5,1
2,10000,2,8,640,1.917,3,5.313984e+02,1,5,1
2,10000,2,9,200,1.983,73,-6,-1,5,1
2,10000,2,10,640,1.817,-57,-5.213633e+02,1,5,0
2,10000,2,11,420,2.033,-103,1.713672e+01,-1,5,1
2,10000,2,12,420,1.750,66,-8.292969e+00,-1,5,1
2,10000,2,13,860,2.500,44,-7.443203e+02,-1,5,1
2,10000,2,14,200,2.217,49,1.332031e+00,1,5,1
2,10000,2,15,640,3.083,198,3.240234e+01,-1,5,0
2,10000,2,16,200,1.833,40,1.310938e+01,1,5,1
2,10000,2,17,420,2.083,69,9.414062e-01,1,5,1
2,10000,2,18,860,3.050,418,7.375000e+02,-1,5,0
2,10000,2,19,640,2.083,-212,-5.057383e+02,-1,5,1
2,10000,2,20,860,2.467,20,7.836758e+02,-1,5,0
2,10000,2,21,640,2.116,-234,-5.779727e+02,-1,5,1
2,10000,2,22,860,2.067,217,8.053867e+02,-1,5,0
2,10000,2,23,200,1.883,-97,6.914062e-01,-1,5,1
2,10000,2,24,640,2.183,260,-4.344297e+02,-1,5,1
2,10000,2,25,420,1.967,-56,9.679688e+00,-1,5,1
2,10000,2,26,860,1.883,41,-7.743047e+02,1,5,0
2,10000,2,27,860,2.017,234,-7.909688e+02,1,5,0
2,10000,2,28,200,1.783,-72,1.386719e+00,1,5,1
2,10000,2,29,200,1.450,29,1.735938e+01,1,5,1
2,10000,2,30,420,2.300,-118,-3.298633e+02,-1,5,1
2,10000,2,31,420,1.967,-100,-3.564180e+02,-1,5,1
2,10000,2,32,200,1.800,-56,3.468750e+00,-1,5,1
2,10000,2,33,860,1.983,257,-7.745547e+02,1,5,0
2,10000,2,34,860,2.067,-192,7.964531e+02,1,5,1
2,10000,2,35,200,1.717,37,-1.315625e+01,1,5,1
2,10000,2,36,640,2.500,23,4.432344e+02,-1,5,0
2,10000,2,37,420,1.866,88,-9.292969e+00,1,5,1
2,10000,2,38,420,1.967,185,-1.115625e+01,1,5,1
2,10000,2,39,200,2.167,-21,4.777344e+00,1,5,1
2,10000,2,40,640,2.017,39,5.418438e+02,-1,5,0
2,10000,2,41,640,2.883,125,4.121094e+00,-1,5,0
2,10000,2,42,200,1.750,-46,-1.390625e+00,1,5,1
2,10000,2,43,420,1.900,-92,-3.349023e+02,-1,5,1
2,10000,2,44,200,1.667,-55,1.026172e+01,1,5,1
2,10000,2,45,200,1.683,72,3.429688e+00,-1,5,1
2,10000,2,46,640,1.600,-104,-5.722070e+02,-1,5,1
2,10000,2,47,860,2.000,370,8.086914e+02,1,5,1
2,10000,2,48,640,3.533,-23,5.211641e+02,1,5,1
2,10000,2,49,420,2.000,172,-1.053125e+01,1,5,1
2,10000,2,50,420,1.750,106,-7.085938e+00,1,5,1
2,10000,2,51,860,1.817,-415,-7.366406e+02,1,5,0
2,10000,2,52,860,1.883,67,7.699141e+02,1,5,1
2,10000,2,53,860,1.900,-195,7.479141e+02,-1,5,0
2,10000,2,54,420,1.850,165,-3.242773e+02,1,5,0
2,10000,2,55,640,2.333,-73,-5.656797e+02,1,5,0
2,10000,2,56,420,2.017,46,-8.042969e+00,1,5,1
2,10000,2,57,640,1.833,-49,-5.516953e+02,-1,5,1
2,10000,2,58,860,1.883,42,7.853555e+02,1,5,1
2,10000,2,59,860,2.367,-330,8.043555e+02,1,5,1
2,10000,2,60,200,2.050,-51,2.164062e+00,1,5,1
