Condition,Spread,Block,Trial,Delta,RT,Initial_x,Placed_x,Target_side,Speed,Success
2,1,1,1,860,1.897,-325,-1.435977e+02,-1,6,0
2,1,1,2,860,1.534,-294,1.935898e+02,1,5,0
2,1,1,3,365,1.534,-36,7.160156e+00,1,3,0
2,1,1,4,530,2.152,-214,2.889844e+01,1,5,1
2,1,1,5,695,1.666,-233,3.156055e+02,-1,2,0
2,1,1,6,200,2.818,51,-1.383984e+01,1,6,1
2,1,1,7,530,1.334,219,-2.664062e+00,1,2,0
2,1,1,8,860,1.668,-292,3.910742e+02,-1,7,0
2,1,1,9,530,1.384,149,6.166016e+01,1,7,1
2,1,1,10,365,1.551,0,3.065625e+01,1,4,1
2,1,1,11,695,1.584,79,-6.421875e+01,-1,7,1
2,1,1,12,860,1.518,106,-4.305859e+01,1,3,0
2,1,1,13,365,1.418,179,2.611328e+01,1,5,1
2,1,1,14,365,6.574,-157,-1.027734e+01,-1,9,1
2,1,1,15,695,1.501,-214,4.953125e+01,-1,2,0
2,1,1,16,695,4.238,-51,3.246094e+00,-1,9,1
2,1,1,17,695,1.551,173,2.481680e+02,1,5,1
2,1,1,18,200,1.885,27,-1.731641e+01,-1,1,0
2,1,1,19,695,1.584,29,4.047656e+01,-1,8,1
2,1,1,20,860,1.768,-400,9.696484e+01,1,3,0
2,1,1,21,695,1.718,298,4.597656e+00,1,3,0
2,1,1,22,530,1.651,-249,-4.025781e+01,-1,3,0
2,1,1,23,365,2.452,-154,6.507812e+00,1,3,0
2,1,1,24,200,1.568,-66,1.189805e+02,-1,8,1
2,1,1,25,200,1.501,100,1.034375e+02,-1,2,0
2,1,1,26,695,2.236,-62,2.613164e+02,-1,3,0
2,1,1,27,365,1.585,-165,-6.977344e+01,1,6,1
2,1,1,28,860,1.451,242,-4.109531e+02,-1,6,1
2,1,1,29,200,1.851,7,1.119531e+01,-1,7,1
2,1,1,30,695,1.685,-32,222,-1,2,0
2,1,1,31,200,1.718,-6,1.715234e+01,-1,6,1
2,1,1,32,860,1.635,-35,3.032422e+02,1,4,0
2,1,1,33,860,1.735,-126,-5.417227e+02,1,3,0
2,1,1,34,530,2.152,193,-4.361289e+02,1,1,0
2,1,1,35,695,1.668,-21,5.212383e+02,1,3,1
2,1,1,36,365,3.270,89,1.389922e+02,1,9,1
2,1,1,37,530,1.451,-212,-2.425781e+02,1,8,1
2,1,1,38,200,1.351,-64,-1.924609e+01,-1,6,1
2,1,1,39,530,1.501,-195,2.727188e+02,1,6,1
2,1,1,40,200,2.352,37,1.596875e+01,-1,3,1
2,1,1,41,200,2.720,23,2.750000e+00,1,7,1
2,1,1,42,695,1.785,-82,4.090547e+02,1,3,1
2,1,1,43,200,1.685,29,2.583203e+01,1,7,1
2,1,1,44,860,1.534,-282,-5.138516e+02,-1,3,0
2,1,1,45,860,1.668,-331,5.921172e+02,-1,1,0
2,1,1,46,530,1.618,16,-3.860781e+02,-1,7,1
2,1,1,47,860,1.684,-3,7.140703e+02,-1,9,0
2,1,1,48,860,1.534,54,4.846914e+02,-1,9,0
2,1,1,49,530,1.418,-84,-3.888242e+02,-1,4,1
2,1,1,50,365,1.618,-39,1.712969e+02,-1,7,1
2,1,1,51,200,1.718,-62,2.268359e+01,1,8,1
2,1,1,52,365,1.685,73,1.061289e+02,1,9,1
2,1,1,53,860,1.534,-326,-6.266719e+02,1,7,0
2,1,1,54,530,1.351,158,-3.348945e+02,-1,6,1
2,1,1,55,365,1.551,136,1.428047e+02,-1,7,1
2,1,1,56,365,1.401,171,2.121797e+02,-1,1,0
2,1,1,57,200,1.534,11,-3.627344e+01,1,5,1
2,1,1,58,200,1.501,-16,-2.275000e+01,1,2,1
2,1,1,59,695,1.718,188,-5.827344e+02,1,8,0
2,1,1,60,530,14.432,86,3.227031e+02,1,9,1
2,1,1,61,695,20.005,-321,2.860625e+02,1,5,1
2,1,1,62,695,2.135,153,2.507344e+02,-1,1,0
2,1,1,63,365,1.768,131,1.895078e+02,1,2,1
2,1,1,64,530,6.123,209,-2.406758e+02,1,6,0
2,1,1,65,200,1.368,-87,-2.699219e+01,1,6,1
2,1,1,66,530,1.418,-38,2.161953e+02,-1,8,1
2,1,1,67,365,1.434,134,2.485156e+01,1,3,1
2,1,1,68,860,1.634,-161,-6.412930e+02,-1,6,1
2,1,1,69,530,1.902,-175,2.944648e+02,-1,2,0
2,1,1,70,860,4.805,165,7.115430e+02,1,4,1
2,1,1,71,365,1.518,-42,1.752773e+02,1,6,1
2,1,1,72,365,1.334,-171,-2.507734e+02,-1,1,1
2,1,1,73,695,1.584,218,-4.250938e+02,-1,3,1
2,1,1,74,530,1.718,249,3.223242e+02,-1,6,0
2,1,1,75,200,1.835,77,2.619531e+01,-1,6,1
2,10000,2,1,365,2.484,133,2.061328e+02,-1,5,0
2,10000,2,2,860,1.935,-256,-6.001719e+02,1,5,0
2,10000,2,3,200,1.668,-27,-1.205469e+01,-1,5,1
2,10000,2,4,860,1.601,-264,6.123906e+02,-1,5,0
2,10000,2,5,695,1.818,21,4.995625e+02,-1,5,0
2,10000,2,6,860,2.085,218,6.942578e+02,-1,5,0
2,10000,2,7,530,1.551,46,-2.856484e+02,-1,5,1
2,10000,2,8,860,1.551,99,5.201953e+02,1,5,1
2,10000,2,9,695,1.685,-178,-3.933906e+02,-1,5,1
2,10000,2,10,695,1.751,274,4.596992e+02,-1,5,0
2,10000,2,11,695,1.568,-182,-3.448320e+02,1,5,0
2,10000,2,12,530,1.818,169,-2.557188e+02,-1,5,1
2,10000,2,13,860,1.952,-251,-7.436797e+02,-1,5,1
2,10000,2,14,200,1.935,68,-8.109375e+00,-1,5,1
2,10000,2,15,860,1.935,-63,6.622383e+02,-1,5,0
2,10000,2,16,695,1.751,157,-3.069688e+02,-1,5,1
2,10000,2,17,200,1.585,33,9.675781e+00,1,5,1
2,10000,2,18,365,1.851,-48,-4.569531e+01,1,5,1
2,10000,2,19,530,2.018,213,-3.086758e+02,-1,5,1
2,10000,2,20,695,1.685,-205,-3.488359e+02,1,5,0
2,10000,2,21,200,1.735,76,-7.283984e+01,1,5,1
2,10000,2,22,365,1.851,74,-1.823242e+02,1,5,0
2,10000,2,23,530,1.601,201,-9.759766e+01,1,5,0
2,10000,2,24,530,1.668,-81,3.384180e+02,1,5,1
2,10000,2,25,200,1.701,71,-6.585938e+00,-1,5,1
2,10000,2,26,200,1.585,-66,-3.444141e+01,-1,5,1
2,10000,2,27,200,1.651,47,2.128125e+01,-1,5,1
2,10000,2,28,695,2.035,131,-1.972539e+02,1,5,0
2,10000,2,29,365,1.251,-61,9.524609e+01,1,5,1
2,10000,2,30,860,1.451,233,6.183594e+02,1,5,1
2,10000,2,31,365,2.436,-2,-3.290234e+01,1,5,1
2,10000,2,32,860,1.418,-4,3.051914e+02,1,5,0
2,10000,2,33,860,1.902,-21,4.181172e+02,-1,5,0
2,10000,2,34,365,1.551,89,-1.009492e+02,-1,5,1
2,10000,2,35,365,1.434,-117,-9.567578e+01,1,5,1
2,10000,2,36,365,6.307,72,-3.604297e+01,-1,5,1
2,10000,2,37,530,1.868,260,3.245898e+02,-1,5,0
2,10000,2,38,695,1.584,-307,-3.357617e+02,1,5,0
2,10000,2,39,200,8.843,-47,-1.942578e+01,1,5,1
2,10000,2,40,200,3.337,-69,-5.289062e+00,1,5,1
2,10000,2,41,200,1.401,-42,-7.968750e-01,-1,5,1
2,10000,2,42,200,1.367,-95,3.596484e+01,-1,5,1
2,10000,2,43,530,1.534,-164,2.740352e+02,1,5,1
2,10000,2,44,530,1.584,9,-1.992148e+02,1,5,0
2,10000,2,45,860,1.434,-261,-5.273945e+02,-1,5,1
2,10000,2,46,365,1.401,30,1.376836e+02,-1,5,1
2,10000,2,47,860,1.501,298,3.394297e+02,1,5,1
2,10000,2,48,365,1.701,-152,-3.139453e+01,1,5,1
2,10000,2,49,860,1.685,-165,-4.139883e+02,1,5,0
2,10000,2,50,365,1.618,9,-2.054297e+01,1,5,1
2,10000,2,51,695,1.701,0,-3.908633e+02,1,5,0
2,10000,2,52,365,1.484,137,-7.461328e+01,1,5,1
2,10000,2,53,200,1.368,-55,-4.842578e+01,-1,5,1
2,10000,2,54,530,1.634,7,-2.134805e+02,-1,5,1
2,10000,2,55,695,1.718,84,3.617461e+02,-1,5,0
2,10000,2,56,200,1.451,-59,-2.652344e+00,-1,5,1
2,10000,2,57,365,1.568,-73,-1.414531e+02,-1,5,1
2,10000,2,58,530,1.568,-249,3.101133e+02,-1,5,0
2,10000,2,59,530,1.534,219,-2.786523e+02,1,5,0
2,10000,2,60,860,1.551,357,-5.254219e+02,-1,5,1
2,10000,2,61,200,1.718,25,-2.028906e+01,-1,5,1
2,10000,2,62,860,1.868,362,5.665547e+02,-1,5,0
2,10000,2,63,365,1.584,71,1.239883e+02,-1,5,1
2,10000,2,64,530,1.601,156,-2.600664e+02,1,5,0
2,10000,2,65,365,1.384,161,1.368477e+02,-1,5,1
2,10000,2,66,695,1.651,-293,-5.226562e+02,-1,5,1
2,10000,2,67,530,1.484,42,1.699922e+02,-1,5,0
2,10000,2,68,695,1.534,299,3.414609e+02,-1,5,0
2,10000,2,69,695,1.701,168,2.268203e+02,1,5,1
2,10000,2,70,695,1.368,-229,-2.388633e+02,1,5,0
2,10000,2,71,530,1.368,150,-3.193945e+02,1,5,0
2,10000,2,72,200,1.384,54,-3.636328e+01,-1,5,1
2,10000,2,73,530,1.251,-61,2.800625e+02,-1,5,0
2,10000,2,74,860,1.518,-121,4.142773e+02,1,5,1
2,10000,2,75,695,1.768,-340,-4.119727e+02,1,5,0
