Spread,Block,Trial,Time_elapsed,Delta,click_num,Placed_x
1,1,1,1.493,860,1,-6.262422e+02
1,1,2,2.187,860,1,6.920625e+02
1,1,3,1.402,365,1,6.769531e+00
1,1,4,1.403,530,1,2.456094e+02
1,1,5,1.584,695,1,-4.475469e+02
1,1,6,1.234,200,1,6.847656e+00
1,1,7,1.903,530,1,-7.871094e+00
1,1,8,1.219,860,1,-4.039922e+02
1,1,9,1.186,530,1,-3.489297e+02
1,1,10,0.952,365,1,1.233984e+01
1,1,11,1.602,695,1,4.096211e+02
1,1,12,1.035,860,1,-4.680820e+02
1,1,13,1.302,365,1,-4.635156e+01
1,1,14,0.835,365,1,1.671875e+00
1,1,15,1.152,695,1,-4.154766e+02
1,1,16,1.052,695,1,-4.750742e+02
1,1,17,1.486,695,1,4.976875e+02
1,1,18,1.119,200,1,1.429297e+01
1,1,19,0.919,695,1,-5.406719e+02
1,1,20,1.052,860,1,-6.288672e+02
1,1,21,1.302,695,1,4.537617e+02
1,1,22,1.186,530,1,3.184844e+02
1,1,23,6.225,365,1,-9.930859e+01
1,1,23,7.042,365,2,-1.239648e+02
1,1,24,1.269,200,1,4.707031e+00
1,1,25,0.952,200,1,-2.859375e+00
1,1,26,1.436,695,1,-4.850195e+02
1,1,27,1.236,365,1,-2.100195e+02
1,1,28,1.019,860,1,6.535547e+02
1,1,29,1.286,200,1,-7.812500e-03
1,1,30,3.455,695,1,-5.009375e+02
1,1,31,1.069,200,1,-1.250000e-01
1,1,32,0.985,860,1,6.885938e+02
1,1,33,1.519,860,1,-6.858320e+02
1,1,34,1.019,530,1,2.253594e+02
1,1,35,0.952,695,1,-4.968711e+02
1,1,36,1.186,365,1,1.781875e+02
1,1,37,1.052,530,1,-3.366328e+02
1,1,38,0.869,200,1,1.187891e+01
1,1,39,1.135,530,1,-3.314961e+02
1,1,40,1.786,200,1,-1.355078e+01
1,1,40,1.953,200,2,-1.355078e+01
1,1,40,2.487,200,3,-6.929688e+00
1,1,41,1.085,200,1,-2.199219e+00
1,1,42,1.920,695,1,4.536836e+02
1,1,43,0.885,200,1,-1.090625e+01
1,1,44,1.152,860,1,-6.714844e+02
1,1,45,1.486,860,1,-4.867891e+02
1,1,46,1.903,530,1,439
1,1,47,1.520,860,1,-7.477734e+02
1,1,48,1.236,860,1,-7.500312e+02
1,1,49,1.069,530,1,3.758398e+02
1,1,50,1.135,365,1,2.213047e+02
1,1,51,1.019,200,1,6.234375e+00
1,1,52,0.935,365,1,-2.340508e+02
1,1,53,1.353,860,1,6.755898e+02
1,1,54,1.152,530,1,-3.687070e+02
1,1,55,1.469,365,1,2.770430e+02
1,1,56,0.768,365,1,-2.267578e+02
1,1,57,0.952,200,1,1.378906e+00
1,1,58,0.902,200,1,1.251562e+01
1,1,59,0.969,695,1,5.793750e+02
1,1,60,1.152,530,1,-4.062617e+02
1,1,61,1.353,695,1,3.772617e+02
1,1,62,1.136,695,1,4.602461e+02
1,1,63,1.152,365,1,-2.222734e+02
1,1,64,1.703,530,1,3.918672e+02
1,1,65,2.754,200,1,-1.738281e+00
1,1,66,1.335,530,1,-4.114570e+02
1,1,67,1.119,365,1,-2.444688e+02
1,1,68,0.902,860,1,7.419727e+02
1,1,69,0.919,530,1,3.227422e+02
1,1,70,1.085,860,1,-7.148203e+02
1,1,71,1.035,365,1,-1.932344e+02
1,1,72,0.935,365,1,2.310430e+02
1,1,73,1.369,695,1,5.561328e+02
1,1,74,1.436,530,1,-3.993086e+02
1,1,75,0.969,200,1,6.886719e+00
10000,2,1,2.324,365,1,1.637852e+02
10000,2,1,3.358,365,2,3.210938e+00
10000,2,2,1.703,860,1,-4.979844e+02
10000,2,3,1.085,200,1,1.153125e+01
10000,2,3,1.936,200,2,1.058594e+00
10000,2,4,1.369,860,1,6.162852e+02
10000,2,5,1.436,695,1,-4.180742e+02
10000,2,6,1.419,860,1,6.359297e+02
10000,2,7,0.952,530,1,-2.444609e+02
10000,2,8,1.135,860,1,6.253438e+02
10000,2,9,1.386,695,1,-5.461680e+02
10000,2,10,1.753,695,1,-5.257188e+02
10000,2,11,1.502,695,1,-5.098086e+02
10000,2,12,0.985,530,1,3.566953e+02
10000,2,13,0.985,860,1,6.773477e+02
10000,2,14,0.868,200,1,-1.523438e-01
10000,2,15,1.652,860,1,-6.767812e+02
10000,2,16,1.319,695,1,5.454961e+02
10000,2,17,0.985,200,1,-3.816406e+00
10000,2,18,1.302,365,1,5.281250e+00
10000,2,19,1.837,530,1,-2.636680e+02
10000,2,20,1.252,695,1,-1.957148e+02
10000,2,21,2.204,200,1,-7.968750e+00
10000,2,22,1.452,365,1,-3.019531e+00
10000,2,23,1.085,530,1,2.713828e+02
10000,2,24,1.236,530,1,2.604492e+02
10000,2,25,0.919,200,1,-8.976562e+00
10000,2,26,1.219,200,1,8.320312e-01
10000,2,27,0.852,200,1,3.437500e-01
10000,2,28,1.252,695,1,-5.193711e+02
10000,2,29,1.185,365,1,5.601562e+00
10000,2,30,1.152,860,1,5.340430e+02
10000,2,31,1.136,365,1,4.785156e+00
10000,2,32,1.503,860,1,-5.713477e+02
10000,2,33,1.035,860,1,6.424453e+02
10000,2,34,1.569,365,1,1.260938e+01
10000,2,35,1.119,365,1,-22
10000,2,35,2.254,365,2,-8.570312e+00
10000,2,36,1.620,365,1,4.941406e+00
10000,2,36,2.154,365,2,-1.742188e+00
10000,2,37,1.669,530,1,-3.520469e+02
10000,2,38,1.452,695,1,4.608008e+02
10000,2,39,1.653,200,1,-2.121094e+00
10000,2,40,1.085,200,1,6.027344e+00
10000,2,41,1.185,200,1,5
10000,2,42,1.152,200,1,-5.378906e+00
10000,2,43,0.935,530,1,3.310078e+02
10000,2,44,1.002,530,1,3.054414e+02
10000,2,45,1.403,860,1,-5.668672e+02
10000,2,46,2.053,365,1,-6.734375e+00
10000,2,47,1.553,860,1,5.408555e+02
10000,2,48,1.052,365,1,-2.414062e+00
10000,2,49,3.188,860,1,6.505703e+02
10000,2,50,1.319,365,1,-4.382812e+01
10000,2,50,1.786,365,2,-1.919922e+01
10000,2,51,1.202,695,1,-4.688359e+02
10000,2,52,1.036,365,1,3.898438e+00
10000,2,53,1.152,200,1,9.460938e+00
10000,2,53,1.703,200,2,-4.316406e+00
10000,2,54,1.336,530,1,-3.155156e+02
10000,2,55,0.935,695,1,4.337969e+02
10000,2,56,0.919,200,1,-3.085938e+00
10000,2,57,1.869,365,1,9.882812e-01
10000,2,58,1.736,530,1,-3.215156e+02
10000,2,59,0.902,530,1,3.260859e+02
10000,2,60,1.069,860,1,5.942969e+02
10000,2,61,0.869,200,1,4.125000e+00
10000,2,62,0.885,860,1,6.686055e+02
10000,2,63,0.952,365,1,-1.982422e+01
10000,2,64,1.603,530,1,-3.411875e+02
10000,2,65,1.519,365,1,2.692188e+01
10000,2,66,1.269,695,1,4.492422e+02
10000,2,67,1.352,530,1,1.987891e+02
10000,2,68,1.753,695,1,-4.507773e+02
10000,2,69,1.402,695,1,-4.349375e+02
10000,2,70,1.987,695,1,4.852031e+02
10000,2,71,1.436,530,1,-3.761328e+02
10000,2,72,1.168,200,1,-2.945312e+00
10000,2,73,5.557,530,1,3.445898e+02
10000,2,74,0.802,860,1,-5.480430e+02
10000,2,75,1.553,695,1,4.420781e+02
