Spread,Block,Trial,Time_elapsed,Delta,click_num,Placed_x
10000,1,1,13.116,530,1,-6.123047e+01
10000,1,1,22.293,530,2,-1.957031e+00
10000,1,1,27.499,530,3,-2.358789e+02
10000,1,2,10.279,530,1,-1.394141e+01
10000,1,3,4.506,530,1,1.193750e+01
10000,1,4,4.272,860,1,-5.100078e+02
10000,1,4,5.423,860,2,-5.283633e+02
10000,1,4,6.858,860,3,-5.362734e+02
10000,1,5,2.134,200,1,3.746094e+00
10000,1,6,1.901,365,1,2.075781e+01
10000,1,6,3.153,365,2,6.148438e+00
10000,1,7,2.654,695,1,4.332305e+02
10000,1,8,2.070,200,1,1.050781e+00
10000,1,9,2.304,530,1,2.208984e+01
10000,1,9,3.522,530,2,1.875000e+00
10000,1,9,4.506,530,3,2.419531e+01
10000,1,10,1.803,365,1,-8.390625e+00
10000,1,11,3.004,695,1,-3.496719e+02
10000,1,12,1.319,200,1,8.117188e+00
10000,1,13,2.003,860,1,6.195859e+02
10000,1,14,2.554,365,1,-4.648438e+00
10000,1,15,2.838,530,1,-4.726562e+00
10000,1,16,1.703,860,1,-5.285312e+02
10000,1,16,3.655,860,2,-5.493672e+02
10000,1,17,2.638,860,1,-6.009844e+02
10000,1,18,1.770,365,1,-1.880078e+01
10000,1,18,2.721,365,2,7.121094e+00
10000,1,19,1.436,365,1,-1.653516e+01
10000,1,20,1.202,365,1,3.851562e+00
10000,1,21,2.637,695,1,3.558594e+00
10000,1,21,5.057,695,2,2.780078e+02
10000,1,22,1.619,365,1,-1.126172e+01
10000,1,23,1.769,530,1,-2.132812e+00
10000,1,24,1.803,530,1,-4.242188e+00
10000,1,25,1.469,365,1,-6.785156e+00
10000,1,26,0.985,200,1,-7.257812e+00
10000,1,27,2.237,695,1,1.924609e+01
10000,1,27,6.742,695,2,-3.730625e+02
10000,1,28,3.004,695,1,3.545195e+02
10000,1,29,1.469,365,1,-8.605469e+00
10000,1,30,2.020,860,1,-5.852344e+02
10000,1,31,1.469,530,1,-1.465625e+01
10000,1,32,1.586,695,1,-3.636328e+01
10000,1,32,7.710,695,2,4.464219e+02
10000,1,33,1.269,365,1,-2.335938e+00
10000,1,34,1.169,200,1,-1.092188e+01
10000,1,35,1.219,365,1,-4.316406e+00
10000,1,36,2.204,530,1,-2.051172e+01
10000,1,37,2.821,860,1,-5.872109e+02
10000,1,38,1.236,200,1,-6.238281e+00
10000,1,39,2.988,695,1,4.640781e+02
10000,1,40,0.885,200,1,-1.437109e+01
10000,1,41,2.037,695,1,-4.650352e+02
10000,1,42,2.037,695,1,-4.225234e+02
10000,1,43,1.136,365,1,-2.554688e+01
10000,1,44,2.237,695,1,-4.993398e+02
10000,1,45,1.536,530,1,-3.073828e+01
10000,1,46,1.486,530,1,-2.649219e+01
10000,1,46,4.640,530,2,-6.812500e+00
10000,1,47,1.069,200,1,2.578125e-01
10000,1,48,1.352,530,1,5.273438e+00
10000,1,48,2.137,530,2,-1.116016e+01
10000,1,49,1.286,530,1,-3.586719e+01
10000,1,49,2.103,530,2,-8.433594e+00
10000,1,50,1.286,200,1,-6.183594e+00
10000,1,51,1.502,860,1,-6.259648e+02
10000,1,52,3.705,695,1,4.327500e+02
10000,1,53,1.686,860,1,-6.360742e+02
10000,1,54,2.187,530,1,-8.343750e+00
10000,1,55,2.070,860,1,5.943633e+02
10000,1,56,1.419,860,1,-6.068906e+02
10000,1,57,2.938,695,1,-5.472852e+02
10000,1,58,2.904,695,1,-4.230312e+02
10000,1,59,1.219,365,1,-1.403516e+01
10000,1,60,1.870,860,1,-6.565898e+02
10000,1,61,1.236,200,1,-1.062500e+00
10000,1,62,1.102,365,1,1.265625e+00
10000,1,63,1.319,860,1,4.871836e+02
10000,1,64,1.636,200,1,-2.173047e+01
10000,1,65,0.768,695,1,-3.781602e+02
10000,1,66,0.935,200,1,-1.084375e+01
10000,1,67,0.969,200,1,1.328125e-01
10000,1,68,1.386,860,1,6.081992e+02
10000,1,69,1.052,200,1,-7.503906e+00
10000,1,70,2.520,530,1,-2.539453e+01
10000,1,71,1.419,860,1,-5.841055e+02
10000,1,72,1.669,860,1,4.956719e+02
10000,1,73,1.219,365,1,5.855469e+00
10000,1,74,1.169,200,1,4.773438e+00
10000,1,75,2.854,695,1,-4.797305e+02
1,2,1,3.470,530,1,3.587891e+01
1,2,1,5.322,530,2,2.399219e+01
1,2,2,1.770,200,1,1.564062e+01
1,2,2,2.404,200,2,2.941406e+00
1,2,3,1.319,365,1,-1.054688e-01
1,2,4,1.953,200,1,6.242188e+00
1,2,5,2.320,860,1,-6.766680e+02
1,2,6,1.085,200,1,5.679688e+00
1,2,7,1.768,695,1,4.251719e+02
1,2,8,1.987,860,1,4.621797e+02
1,2,9,1.820,200,1,5.929688e+00
1,2,10,1.569,860,1,-6.333633e+02
1,2,11,1.469,860,1,-5.967188e+02
1,2,12,1.903,860,1,-708
1,2,13,1.803,695,1,4.294336e+02
1,2,14,1.486,200,1,-7.363281e+00
1,2,15,1.169,365,1,3.045703e+01
1,2,16,1.870,200,1,-2.253906e+00
1,2,17,2.671,530,1,-3.252461e+02
1,2,18,2.587,695,1,5.842695e+02
1,2,19,3.338,860,1,6.772695e+02
1,2,20,3.772,365,1,-2.637148e+02
1,2,21,1.720,530,1,3.658945e+02
1,2,22,1.286,695,1,5.738164e+02
1,2,23,2.554,695,1,-5.514883e+02
1,2,24,2.087,365,1,-3.205781e+02
1,2,25,2.654,365,1,-2.409180e+02
1,2,26,2.938,365,1,-2.939883e+02
1,2,27,2.137,860,1,-7.755625e+02
1,2,28,1.519,530,1,3.820508e+02
1,2,29,1.069,200,1,-1.131289e+02
1,2,30,1.686,530,1,-4.515430e+02
1,2,31,1.219,200,1,-6.718750e-01
1,2,32,1.136,200,1,-1.013281e+01
1,2,33,2.721,530,1,4.187344e+02
1,2,34,1.403,530,1,3.711016e+02
1,2,35,1.119,530,1,-4.247031e+02
1,2,36,1.987,695,1,5.447852e+02
1,2,37,1.302,365,1,8.738281e+00
1,2,38,1.452,860,1,-7.467852e+02
1,2,39,1.336,365,1,2.720430e+02
1,2,40,1.419,365,1,-2.834688e+02
1,2,41,1.703,365,1,-2.447422e+02
1,2,42,1.436,365,1,-2.487891e+02
1,2,43,1.302,695,1,5.186562e+02
1,2,44,0.935,200,1,-3.859375e+00
1,2,45,1.219,530,1,-3.739492e+02
1,2,46,1.770,695,1,-5.896172e+02
1,2,47,1.820,530,1,-3.593867e+02
1,2,48,1.202,200,1,9.882812e+00
1,2,49,2.120,530,1,-1.126172e+01
1,2,50,1.536,200,1,-5.468750e-01
1,2,51,1.252,860,1,6.173125e+02
1,2,51,3.171,860,2,7.187109e+02
1,2,52,1.586,200,1,8.441406e+00
1,2,53,1.035,530,1,-3.976758e+02
1,2,54,1.135,365,1,2.346914e+02
1,2,55,1.419,695,1,-5.710625e+02
1,2,56,1.319,695,1,5.518555e+02
1,2,57,1.119,860,1,-6.804453e+02
1,2,58,1.319,530,1,3.703906e+02
1,2,59,1.569,860,1,7.059453e+02
1,2,60,1.152,365,1,-1.577383e+02
1,2,61,1.336,695,1,-5.011758e+02
1,2,62,1.186,695,1,-5.697656e+02
1,2,63,1.286,200,1,5.273438e-01
1,2,64,1.169,365,1,-2.453789e+02
1,2,65,1.136,530,1,-4.001406e+02
1,2,66,1.136,695,1,5.581758e+02
1,2,67,1.135,530,1,-3.624844e+02
1,2,68,1.336,860,1,-6.980508e+02
1,2,69,2.153,860,1,7.014883e+02
1,2,70,1.136,860,1,6.860586e+02
1,2,70,1.903,860,2,7.108164e+02
1,2,71,1.486,695,1,5.295430e+02
1,2,72,1.703,365,1,1.435547e+02
1,2,73,1.119,695,1,-4.208555e+02
1,2,74,1.286,200,1,-1.601562e+00
1,2,75,0.985,860,1,-7.238594e+02
