Spread,Block,Trial,Time_elapsed,Delta,click_num,Placed_x
1,1,1,2.795,860,1,-1.962500e+01
1,1,2,5.090,860,1,1.964570e+02
1,1,3,3.305,365,1,-1.316055e+02
1,1,4,1.836,530,1,-2.165664e+02
1,1,5,4.320,695,1,-3.363203e+02
1,1,6,2.619,200,1,3.507812e+00
1,1,7,2.621,530,1,2.282812e+01
1,1,8,1.085,860,1,-1.129141e+02
1,1,8,4.206,860,2,-6.992734e+02
1,1,9,3.038,530,1,-3.996484e+02
1,1,10,2.220,365,1,-2.301602e+02
1,1,11,3.805,695,1,-5.040391e+02
1,1,12,4.222,860,1,6.497266e+02
1,1,13,2.471,365,1,-2.698281e+02
1,1,14,4.723,365,1,-2.257617e+02
1,1,15,5.240,695,1,3.180820e+02
1,1,16,2.654,695,1,5.105117e+02
1,1,17,2.304,695,1,5.230352e+02
1,1,18,2.821,200,1,-7.480469e+00
1,1,19,2.287,695,1,-5.432930e+02
1,1,20,2.036,860,1,6.936562e+02
1,1,21,2.738,695,1,5.386758e+02
1,1,22,4.523,530,1,-3.961328e+02
1,1,23,2.070,365,1,2.689141e+02
1,1,24,2.070,200,1,1.083945e+02
1,1,25,1.352,200,1,1.053516e+02
1,1,26,1.636,695,1,5.314922e+02
1,1,27,1.219,365,1,2.007773e+02
1,1,28,3.872,860,1,6.466445e+02
1,1,29,1.603,200,1,8.032812e+01
1,1,30,2.120,695,1,-5.590469e+02
1,1,31,2.104,200,1,-1.049375e+02
1,1,32,1.553,860,1,7.277148e+02
1,1,33,1.719,860,1,-7.763711e+02
1,1,34,2.454,530,1,4.392266e+02
1,1,35,4.123,695,1,5.478086e+02
1,1,36,2.938,365,1,-2.705430e+02
1,1,37,4.340,530,1,-4.052852e+02
1,1,38,1.085,200,1,1.074766e+02
1,1,39,1.569,530,1,-4.041797e+02
1,1,40,1.186,200,1,-1.214141e+02
1,1,41,1.870,200,1,-1.253711e+02
1,1,42,2.654,695,1,5.631992e+02
1,1,43,2.420,200,1,-6.745703e+01
1,1,44,1.803,860,1,-6.197695e+02
1,1,44,2.738,860,2,-6.788672e+02
1,1,45,3.188,860,1,-7.287891e+02
1,1,46,2.154,530,1,4.137500e+02
1,1,47,3.955,860,1,6.584727e+02
1,1,48,2.104,860,1,7.094180e+02
1,1,49,1.970,530,1,4.092109e+02
1,1,50,1.703,365,1,2.370586e+02
1,1,51,1.519,200,1,1.118281e+02
1,1,52,1.753,365,1,2.142266e+02
1,1,53,1.903,860,1,-7.078984e+02
1,1,54,2.037,530,1,-4.089766e+02
1,1,55,1.753,365,1,-2.497227e+02
1,1,56,1.536,365,1,-2.688203e+02
1,1,57,2.237,200,1,-4.586328e+01
1,1,58,2.237,200,1,-1.035586e+02
1,1,59,1.786,695,1,5.806836e+02
1,1,60,1.886,530,1,4.031680e+02
1,1,61,1.369,695,1,-5.812773e+02
1,1,62,1.703,695,1,-5.661875e+02
1,1,63,1.903,365,1,-2.667070e+02
1,1,64,1.419,530,1,-4.101719e+02
1,1,65,2.170,200,1,-1.210586e+02
1,1,66,1.737,530,1,-3.925625e+02
1,1,67,2.437,365,1,2.461055e+02
1,1,68,2.788,860,1,-7.256836e+02
1,1,69,1.703,530,1,4.273047e+02
1,1,70,1.669,860,1,7.480117e+02
1,1,71,1.869,365,1,2.726875e+02
1,1,72,1.886,365,1,-2.655078e+02
1,1,73,2.070,695,1,5.844570e+02
1,1,74,1.469,530,1,4.152383e+02
1,1,75,1.636,200,1,1.221758e+02
10000,2,1,4.393,365,1,9.680078e+01
10000,2,2,2.621,860,1,5.913320e+02
10000,2,3,2.104,200,1,-7.851562e-01
10000,2,4,2.103,860,1,-6.306445e+02
10000,2,5,1.970,695,1,5.407930e+02
10000,2,6,2.037,860,1,6.652188e+02
10000,2,7,3.355,530,1,2.648086e+02
10000,2,8,1.787,860,1,5.650508e+02
10000,2,9,1.836,695,1,4.115469e+02
10000,2,10,1.319,695,1,5.053789e+02
10000,2,11,2.704,695,1,-5.148984e+02
10000,2,12,1.453,530,1,3.720078e+02
10000,2,13,2.220,860,1,6.124492e+02
10000,2,14,2.120,200,1,-5.050781e+00
10000,2,15,1.820,860,1,-6.528594e+02
10000,2,16,1.987,695,1,-5.252266e+02
10000,2,17,1.503,200,1,5.671875e+00
10000,2,18,1.870,365,1,5.148438e+00
10000,2,19,2.020,530,1,2.084414e+02
10000,2,20,2.020,695,1,4.884141e+02
10000,2,21,1.887,200,1,-1.960938e+00
10000,2,22,1.502,365,1,-3.047266e+01
10000,2,23,1.903,530,1,-1.889180e+02
10000,2,24,1.636,530,1,-3.912891e+01
10000,2,25,1.369,200,1,-2.617188e+00
10000,2,26,1.820,200,1,4.707031e+00
10000,2,27,1.319,200,1,2.734375e+00
10000,2,28,1.653,695,1,4.548633e+02
10000,2,29,2.587,365,1,1.585742e+02
10000,2,30,1.970,860,1,6.223281e+02
10000,2,31,1.503,365,1,-9.066406e+00
10000,2,32,2.020,860,1,-6.927539e+02
10000,2,33,2.287,860,1,-6.346289e+02
10000,2,34,2.921,365,1,9.753906e+00
10000,2,35,1.536,365,1,-8.832031e+00
10000,2,36,1.219,365,1,-1.732031e+01
10000,2,37,1.836,530,1,2.616328e+02
10000,2,38,1.837,695,1,-4.998125e+02
10000,2,39,1.853,200,1,-1.703125e+00
10000,2,40,1.419,200,1,-8.765625e+00
10000,2,41,1.469,200,1,-1.300391e+01
10000,2,42,1.536,200,1,-4.359375e+00
10000,2,43,6.108,530,1,3.884883e+02
10000,2,44,1.686,530,1,4.154648e+02
10000,2,45,1.919,860,1,-7.363320e+02
10000,2,46,2.037,365,1,-3.046875e+00
10000,2,47,1.736,860,1,5.926406e+02
10000,2,48,1.903,365,1,1.671875e+00
10000,2,49,1.820,860,1,-6.864336e+02
10000,2,50,1.336,365,1,2.446484e+01
10000,2,51,1.686,695,1,-4.820508e+02
10000,2,52,1.269,365,1,2.165234e+01
10000,2,53,1.336,200,1,3.113281e+00
10000,2,54,5.524,530,1,-2.917695e+02
10000,2,55,2.070,695,1,-4.846328e+02
10000,2,56,1.603,200,1,-2.593750e+00
10000,2,57,2.738,365,1,-1.089844e+00
10000,2,58,1.453,530,1,-1.564688e+02
10000,2,59,2.871,530,1,2.820156e+02
10000,2,60,2.421,860,1,6.331289e+02
10000,2,61,1.753,200,1,-3.648438e+00
10000,2,62,2.070,860,1,-6.781016e+02
10000,2,63,1.586,365,1,-5.406250e+00
10000,2,64,4.106,530,1,-8.085938e+00
10000,2,65,1.736,365,1,-1.819922e+01
10000,2,66,1.937,695,1,-4.029531e+02
10000,2,67,2.254,530,1,-8.765625e+00
10000,2,68,2.103,695,1,4.583828e+02
10000,2,69,1.536,695,1,4.824219e+02
10000,2,70,1.920,695,1,4.105586e+02
10000,2,71,2.871,530,1,-1.142109e+02
10000,2,72,3.739,200,1,3.175781e+00
10000,2,73,1.570,530,1,-2.530078e+01
10000,2,74,1.436,860,1,-5.895859e+02
10000,2,75,1.937,695,1,-4.920938e+02
