Condition,Spread,Block,Trial,Delta,RT,Initial_x,Placed_x,Target_side,Speed,Success
2,10000,1,1,530,19.791,-178,-1.647656e+01,1,5,0
2,10000,1,2,530,6.573,-12,5.085547e+01,1,5,1
2,10000,1,3,530,8.175,105,-4.976172e+01,1,5,0
2,10000,1,4,860,9.527,-116,3.072812e+02,-1,5,0
2,10000,1,5,200,6.755,40,3.476562e+00,1,5,1
2,10000,1,6,365,6.455,60,3.796484e+01,1,5,1
2,10000,1,7,695,5.639,344,-2.735938e+02,1,5,0
2,10000,1,8,200,3.120,-75,2.226562e-01,1,5,1
2,10000,1,9,530,5.906,-36,-6.623828e+01,1,5,0
2,10000,1,10,365,4.788,-155,-8.332031e+00,1,5,1
2,10000,1,11,695,6.674,344,-1.325391e+02,-1,5,0
2,10000,1,12,200,3.470,-80,1.204297e+01,-1,5,1
2,10000,1,13,860,6.557,252,4.526875e+02,-1,5,0
2,10000,1,14,365,3.654,163,1.162109e+01,1,5,1
2,10000,1,15,530,4.204,-32,1.257578e+02,1,5,1
2,10000,1,16,860,6.891,14,2.673945e+02,1,5,0
2,10000,1,17,860,7.441,-88,-4.264570e+02,-1,5,1
2,10000,1,18,365,4.505,127,2.154688e+01,-1,5,1
2,10000,1,19,365,4.738,159,-3.568359e+01,-1,5,1
2,10000,1,20,365,5.239,-173,4.925000e+01,-1,5,1
2,10000,1,21,695,3.804,18,1.930234e+02,1,5,1
2,10000,1,22,365,2.452,180,4.792578e+01,1,5,1
2,10000,1,23,530,4.255,-8,-4.904297e+01,1,5,0
2,10000,1,24,530,5.139,7,2.511719e+00,1,5,1
2,10000,1,25,365,4.254,-32,-1.116016e+01,1,5,1
2,10000,1,26,200,2.836,71,2.089062e+01,1,5,1
2,10000,1,27,695,4.688,35,-2.800898e+02,-1,5,1
2,10000,1,28,695,4.622,-73,-1.811445e+02,1,5,0
2,10000,1,29,365,3.687,134,3.680078e+01,1,5,1
2,10000,1,30,860,5.706,-385,-4.001406e+02,-1,5,1
2,10000,1,31,530,6.591,-25,-7.266797e+01,-1,5,1
2,10000,1,32,695,3.086,-22,2.129844e+02,-1,5,0
2,10000,1,33,365,3.353,-15,-2.867188e+00,1,5,1
2,10000,1,34,200,4.889,-29,2.589844e+00,1,5,1
2,10000,1,35,365,6.657,133,-1.216016e+01,1,5,1
2,10000,1,36,530,5.506,-16,1.477148e+02,1,5,1
2,10000,1,37,860,5.406,209,4.244219e+02,1,5,1
2,10000,1,38,200,2.853,-80,-2.523438e+00,1,5,1
2,10000,1,39,695,3.654,-223,-3.563984e+02,-1,5,1
2,10000,1,40,200,2.536,-73,1.217578e+01,1,5,1
2,10000,1,41,695,5.122,208,-3.792930e+02,1,5,0
2,10000,1,42,695,3.754,-135,-3.783086e+02,1,5,0
2,10000,1,43,365,3.070,18,1.073438e+01,-1,5,1
2,10000,1,44,695,5.139,-39,-2.288516e+02,1,5,0
2,10000,1,45,530,3.637,201,1.931211e+02,-1,5,0
2,10000,1,46,530,3.921,-211,-2.563438e+02,-1,5,1
2,10000,1,47,200,2.853,43,-1.596094e+01,-1,5,1
2,10000,1,48,530,6.090,33,8.847266e+01,-1,5,0
2,10000,1,49,530,3.253,-167,-2.096875e+02,-1,5,1
2,10000,1,50,200,2.819,-32,1.309766e+01,-1,5,1
2,10000,1,51,860,4.021,79,5.890273e+02,-1,5,0
2,10000,1,52,695,4.738,-58,-4.498477e+02,1,5,0
2,10000,1,53,860,2.920,-294,-4.102930e+02,-1,5,1
2,10000,1,54,530,6.257,-43,-1.853359e+02,1,5,0
2,10000,1,55,860,3.337,358,5.211875e+02,1,5,1
2,10000,1,56,860,3.153,-240,5.662070e+02,1,5,1
2,10000,1,57,695,3.687,-110,3.966523e+02,1,5,1
2,10000,1,58,695,2.302,264,-3.865391e+02,1,5,0
2,10000,1,59,365,2.218,-18,2.212500e+01,1,5,1
2,10000,1,60,860,3.721,302,-5.305391e+02,-1,5,1
2,10000,1,61,200,2.235,75,-3.699219e+00,-1,5,1
2,10000,1,62,365,2.035,-33,2.277344e+00,-1,5,1
2,10000,1,63,860,2.486,-396,-6.171758e+02,1,5,0
2,10000,1,64,200,5.222,-6,9.492188e+00,1,5,1
2,10000,1,65,695,3.554,-284,5.778086e+02,-1,5,0
2,10000,1,66,200,3.687,95,-1.921484e+01,-1,5,1
2,10000,1,67,200,4.438,22,-1.610039e+02,1,5,1
2,10000,1,68,860,3.937,-79,5.358477e+02,1,5,1
2,10000,1,69,200,3.721,-96,2.636719e+00,-1,5,1
2,10000,1,70,530,3.003,48,2.516641e+02,-1,5,0
2,10000,1,71,860,3.771,9,5.382031e+02,1,5,1
2,10000,1,72,860,4.488,247,5.383125e+02,1,5,1
2,10000,1,73,365,6.691,180,-2.894531e+00,-1,5,1
2,10000,1,74,200,3.687,-94,1.835938e+00,-1,5,1
2,10000,1,75,695,2.486,218,4.495000e+02,-1,5,0
2,1,2,1,530,5.374,49,2.635430e+02,-1,7,0
2,1,2,2,200,4.021,-40,4.748047e+01,-1,8,1
2,1,2,3,365,3.003,-105,-1.525508e+02,1,3,0
2,1,2,4,200,2.169,-64,-3.366406e+01,-1,7,1
2,1,2,5,860,3.303,-321,-6.440234e+02,-1,7,1
2,1,2,6,200,2.402,-26,8.713672e+01,1,7,1
2,1,2,7,695,2.986,282,5.482070e+02,-1,8,0
2,1,2,8,860,3.937,228,717,1,4,1
2,1,2,9,200,2.336,11,-1.068359e+01,-1,7,1
2,1,2,10,860,3.020,-125,-6.437773e+02,1,4,0
2,1,2,11,860,2.986,251,5.806641e+02,1,9,1
2,1,2,12,860,3.120,-190,7.007266e+02,-1,3,0
2,1,2,13,695,3.170,-233,-4.428867e+02,1,7,0
2,1,2,14,200,2.386,3,3.987500e+01,-1,1,0
2,1,2,15,365,2.102,-97,-1.843711e+02,1,2,0
2,1,2,16,200,2.152,-59,-8.832031e+00,-1,1,0
2,1,2,17,530,2.819,-207,-4.816133e+02,-1,1,1
2,1,2,18,695,2.352,-281,6.286992e+02,-1,5,0
2,1,2,19,860,3.570,-322,-7.920859e+02,-1,8,1
2,1,2,20,365,10.061,-95,2.583281e+02,1,8,1
2,1,2,21,530,5.889,127,-4.136836e+02,-1,7,1
2,1,2,22,695,2.936,334,5.374414e+02,1,5,1
2,1,2,23,695,2.068,150,6.531445e+02,1,2,1
2,1,2,24,365,5.689,-47,-1.581445e+02,-1,8,1
2,1,2,25,365,2.319,-60,-2.007148e+02,1,7,1
2,1,2,26,365,2.085,-154,1.584492e+02,1,2,1
2,1,2,27,860,2.569,386,7.139336e+02,-1,7,0
2,1,2,28,530,2.252,-195,3.758789e+02,1,4,1
2,1,2,29,200,2.552,-9,-1.571602e+02,-1,8,1
2,1,2,30,530,4.087,-2,4.171328e+02,1,8,1
2,1,2,31,200,2.552,-5,-1.268281e+02,-1,7,1
2,1,2,32,200,2.135,49,1.002891e+02,-1,2,0
2,1,2,33,530,3.804,-169,-3.783594e+02,1,6,0
2,1,2,34,530,2.803,104,-3.972031e+02,-1,6,1
2,1,2,35,530,2.102,260,4.709727e+02,-1,4,0
2,1,2,36,695,2.018,190,5.628594e+02,-1,7,0
2,1,2,37,365,3.153,-126,2.402852e+02,1,3,1
2,1,2,38,860,3.170,387,7.073359e+02,-1,1,0
2,1,2,39,365,2.686,114,1.625938e+02,1,8,1
2,1,2,40,365,2.035,135,1.693008e+02,1,2,1
2,1,2,41,365,2.836,6,-3.011055e+02,1,4,0
2,1,2,42,365,2.552,-111,-2.071797e+02,-1,6,1
2,1,2,43,695,2.803,58,-5.222656e+02,-1,5,1
2,1,2,44,200,2.436,69,-1.693359e+01,1,6,1
2,1,2,45,530,3.954,-220,4.805859e+02,1,3,1
2,1,2,46,695,2.402,-134,-5.130312e+02,1,6,0
2,1,2,47,530,2.853,14,369,1,8,1
2,1,2,48,200,2.502,0,8.164062e+00,1,6,1
2,1,2,49,530,2.619,198,4.154727e+02,1,2,1
2,1,2,50,200,2.102,-55,-3.542969e+00,-1,3,1
2,1,2,51,860,1.901,11,-6.901680e+02,-1,9,1
2,1,2,52,200,3.253,24,-4.974219e+01,-1,4,1
2,1,2,53,530,1.718,-157,3.527188e+02,-1,2,0
2,1,2,54,365,2.569,-73,-2.299570e+02,-1,5,1
2,1,2,55,695,2.418,-327,-5.319258e+02,-1,4,1
2,1,2,56,695,2.269,287,4.811797e+02,1,4,1
2,1,2,57,860,2.686,357,6.857266e+02,-1,4,0
2,1,2,58,530,1.885,66,4.364023e+02,-1,6,0
2,1,2,59,860,3.103,-185,7.335312e+02,1,4,1
2,1,2,60,365,2.469,-175,-2.433750e+02,1,8,1
2,1,2,61,695,2.185,30,5.016641e+02,1,3,1
2,1,2,62,695,2.068,-155,-5.548359e+02,1,5,0
2,1,2,63,200,2.085,99,-5.507812e+00,-1,4,1
2,1,2,64,365,1.751,117,2.417227e+02,1,3,1
2,1,2,65,530,1.751,191,3.781562e+02,-1,6,0
2,1,2,66,695,1.952,140,5.027656e+02,1,7,1
2,1,2,67,530,2.218,150,-4.785078e+02,1,9,0
2,1,2,68,860,3.437,232,6.418516e+02,-1,9,0
2,1,2,69,860,2.219,-99,-7.159688e+02,-1,4,1
2,1,2,70,860,2.819,-121,6.786016e+02,1,8,1
2,1,2,71,695,2.569,-340,-5.527148e+02,1,6,0
2,1,2,72,365,2.002,-106,-1.490703e+02,1,4,0
2,1,2,73,695,2.986,-38,-5.854062e+02,-1,5,1
2,1,2,74,200,2.468,5,1.081328e+02,-1,4,1
2,1,2,75,860,2.085,-25,6.613164e+02,1,8,1
