Condition,Spread,Block,Trial,Delta,RT,Initial_x,Placed_x,Target_side,Speed,Success
2,1,1,1,700,3.608,-189,-552,1,3,0
2,1,1,2,800,2.333,-203,-718,1,4,0
2,1,1,3,200,2.016,-95,-11,-1,6,1
2,1,1,4,600,1.950,-131,-458,1,4,0
2,1,1,5,800,1.867,-92,-691,-1,6,1
2,1,1,6,700,2.117,305,-603,1,6,0
2,1,1,7,300,2.067,72,-9,-1,4,1
2,1,1,8,800,1.917,235,-663,-1,2,1
2,1,1,9,800,2.483,38,697,-1,4,0
2,1,1,10,500,2.550,-88,-378,1,4,0
2,1,1,11,200,2.217,-75,-9,-1,6,1
2,1,1,12,500,2.350,-209,-409,1,4,0
2,1,1,13,300,2.067,90,-5,1,5,1
2,1,1,14,300,3.500,-146,-14,1,2,0
2,1,1,15,200,1.967,-82,-7,-1,2,1
2,1,1,16,400,1.883,-141,-11,1,8,1
2,1,1,17,800,1.900,137,-695,-1,7,1
2,1,1,18,500,2.916,-23,-358,-1,6,1
2,1,1,19,500,2.833,-100,380,1,6,1
2,1,1,20,300,1.833,-29,-12,1,6,1
2,1,1,21,800,1.700,384,-725,1,4,0
2,1,1,22,700,1.883,270,-577,-1,8,1
2,1,1,23,400,2.417,-6,9,-1,5,1
2,1,1,24,200,2.050,-46,1,1,5,1
2,1,1,25,500,1.783,242,-352,1,4,0
2,1,1,26,700,1.950,5,-585,-1,6,1
2,1,1,27,200,1.933,11,4,-1,4,1
2,1,1,28,500,2.033,-136,-397,1,7,0
2,1,1,29,700,1.767,42,-606,1,5,0
2,1,1,30,400,3.000,-101,-11,-1,5,1
2,1,1,31,600,1.683,17,-464,-1,8,1
2,1,1,32,400,2.716,156,0,-1,3,0
2,1,1,33,400,3.167,-120,-305,-1,5,1
2,1,1,34,300,2.167,135,-4,-1,5,1
2,1,1,35,700,1.767,-79,-627,1,2,0
2,1,1,36,500,2.333,-31,-372,-1,3,1
2,1,1,37,700,2.183,122,-577,-1,4,1
2,1,1,38,800,2.367,280,687,1,3,1
2,1,1,39,700,2.033,-49,-610,-1,6,1
2,1,1,40,700,2.417,250,555,1,2,1
2,1,1,41,600,1.850,-72,-461,1,5,0
2,1,1,42,800,2.017,161,-701,1,5,0
2,1,1,43,300,2.616,-124,-9,-1,6,1
2,1,1,44,200,1.883,100,-22,1,2,1
2,1,1,45,400,2.050,14,-300,1,5,0
2,1,1,46,400,2.150,3,-4,-1,7,1
2,1,1,47,200,2.317,-95,-2,1,5,1
2,1,1,48,300,1.917,-29,-20,1,6,1
2,1,1,49,600,1.800,64,-473,1,5,0
2,1,1,50,200,3.433,-41,-16,1,2,1
2,1,1,51,300,3.000,-24,-15,1,5,1
2,1,1,52,600,1.717,73,-489,1,3,0
2,1,1,53,600,2.183,114,-462,1,3,0
2,1,1,54,400,1.916,-136,-10,-1,4,1
2,1,1,55,300,1.917,111,-5,-1,6,1
2,1,1,56,500,3.417,-226,370,1,3,1
2,1,1,57,600,2.266,140,462,-1,4,0
2,1,1,58,300,1.633,119,-12,1,3,1
2,1,1,59,800,4.033,156,-678,1,3,0
2,1,1,60,600,1.933,-158,-477,-1,4,1
2,1,1,61,200,1.867,38,-15,-1,4,1
2,1,1,62,600,1.950,224,-479,1,5,0
2,1,1,63,400,1.750,-18,-14,1,2,0
2,1,1,64,700,1.783,181,-595,1,7,0
2,1,1,65,200,2.766,95,-19,-1,4,1
2,1,1,66,400,1.966,-170,-273,-1,6,1
2,1,1,67,800,2.133,91,-652,-1,5,1
2,1,1,68,500,1.917,-247,-407,1,6,0
2,1,1,69,600,2.083,-36,503,1,2,1
2,1,1,70,500,2.017,124,-364,-1,4,1
2,1,2,1,500,2.503,42,-341,1,3,0
2,1,2,2,700,201.159,169,-538,-1,2,1
2,1,2,3,200,2.700,2,-16,1,2,1
2,1,2,4,700,1.633,-76,-630,1,2,0
2,1,2,5,500,2.233,0,-356,1,3,0
2,1,2,6,500,1.733,-172,345,1,5,1
2,1,2,7,400,1.767,123,-245,-1,6,1
2,1,2,8,600,2.083,-213,-460,1,7,0
2,1,2,9,700,2.200,283,603,-1,2,0
2,1,2,10,300,2.733,4,-9,1,2,0
2,1,2,11,500,1.700,188,-378,-1,3,1
2,1,2,12,700,1.867,-2,-610,1,5,0
2,1,2,13,800,3.133,72,623,1,4,1
2,1,2,14,300,2.550,32,-6,-1,3,1
2,1,2,15,800,2.050,-155,-653,-1,2,1
2,1,2,16,300,1.633,111,-11,1,7,1
2,1,2,17,400,2.700,78,-31,1,5,1
2,1,2,18,400,1.850,-22,-32,-1,6,1
2,1,2,19,400,1.800,155,-22,-1,3,0
2,1,2,20,300,1.900,30,-20,1,2,0
2,1,2,21,200,1.783,50,-3,-1,3,1
2,1,2,22,300,1.966,76,-6,-1,7,1
2,1,2,23,800,1.983,157,-657,-1,6,1
2,1,2,24,400,1.950,-66,-11,-1,4,1
2,1,2,25,400,2.233,-102,-24,1,3,0
2,1,2,26,700,2.000,-182,-590,-1,6,1
2,1,2,27,400,1.883,-62,-8,1,4,1
2,1,2,28,600,1.700,226,-486,-1,4,1
2,1,2,29,600,1.900,-217,-483,1,2,0
2,1,2,30,500,2.966,218,-371,1,5,0
2,1,2,31,800,1.767,111,-641,-1,5,1
2,1,2,32,700,2.017,188,-581,-1,7,1
2,1,2,33,600,1.850,-120,-516,-1,6,1
2,1,2,34,700,1.867,241,-571,1,5,0
2,1,2,35,500,4.250,-117,-423,1,6,0
2,1,2,36,800,2.033,-105,-711,1,2,0
2,1,2,37,600,2.666,162,556,1,5,1
2,1,2,38,600,2.116,106,-531,-1,3,1
2,1,2,39,700,1.850,-260,-627,1,8,0
2,1,2,40,600,1.983,-38,-488,-1,7,1
2,1,2,41,400,2.083,-47,294,-1,8,1
2,1,2,42,800,1.817,-361,-654,-1,5,1
2,1,2,43,800,2.367,-204,-697,1,8,0
2,1,2,44,200,3.066,7,-2,1,5,1
2,1,2,45,500,1.633,82,-386,1,7,0
2,1,2,46,700,1.850,-31,-638,-1,2,1
2,1,2,47,200,3.016,-71,-4,1,5,1
2,1,2,48,300,2.183,-70,-25,1,5,1
2,1,2,49,600,1.717,123,-544,1,4,0
2,1,2,50,200,2.250,32,1,-1,4,1
2,1,2,51,800,1.783,-38,-719,-1,7,1
2,1,2,52,300,1.717,99,-10,1,3,1
2,1,2,53,700,1.617,-231,-620,-1,4,1
2,1,2,54,200,1.983,-65,1,-1,5,1
2,1,2,55,800,2.017,209,-688,-1,6,1
2,1,2,56,400,2.766,156,7,1,7,1
2,1,2,57,500,1.667,-40,-360,-1,3,1
2,1,2,58,200,1.983,1,-3,1,3,1
2,1,2,59,200,1.800,-23,-4,-1,6,1
2,1,2,60,300,1.866,122,-20,1,3,1
2,1,2,61,500,1.617,23,-400,1,7,0
2,1,2,62,600,1.750,285,-476,-1,6,1
2,1,2,63,800,2.266,368,680,1,5,1
2,1,2,64,600,2.483,211,-504,-1,6,1
2,1,2,65,200,1.917,42,-4,-1,8,1
2,1,2,66,400,1.650,114,-16,1,6,1
2,1,2,67,500,1.600,75,-394,1,3,0
2,1,2,68,200,2.167,46,-4,-1,6,1
2,1,2,69,300,1.733,43,-22,-1,8,1
2,1,2,70,300,2.450,31,-9,1,5,1
